; generated — from assets/maps/overworld_bright.txt; do not hand-edit
layer lower
0,41 4,41 8,41 4,41 0,41 4,41 0,41 4,41 0,41 4,41 0,41 4,41 0,41 4,41 0,42 4,42 4,42 8,42 4,42 4,42 4,42 0,43 4,42 4,42 0,43 4,42 4,42 4,42 4,42 4,42 4,43 4,41 0,41 4,41 0,41 4,41 8,43 4,42 4,42 4,42 4,43 4,41 0,41 4,41 0,41 4,41 0,44 4,41 0,41 4,41 0,41 4,41 0,44 4,41 0,41 4,41 0,41 4,41 0,44 4,44 0,41 4,41 0,41 4,41 0,41 4,41 0,41 4,41 0,41 4,41 0,41 4,41 0,41 4,41 0,41 4,41 0,41 4,41 0,41 4,41 0,44 4,41 0,41 4,41 0,41 4,41 0,41 4,41 0,41 4,41 0,44 4,41 0,41 4,44 0,41 4,41 0,44 4,44 0,41 4,41 8,41 4,44 0,44 4,41 8,41 4,41 0,41 8,44 8,41 4,41 0,41 4,41
0,45 4,45 8,45 0,46 8,45 0,46 8,45 0,46 8,45 0,42 4,42 4,42 4,42 0,43 4,46 8,46 8,46 8,46 8,46 8,46 8,46 8,46 8,46 8,46 8,46 8,46 8,46 8,46 8,46 8,46 0,47 4,42 4,42 4,42 8,42 4,42 4,46 8,46 8,46 8,46 0,47 4,42 0,43 4,42 4,43 0,46 8,45 4,45 8,45 0,46 8,45 0,46 0,45 4,45 8,45 0,46 8,45 4,45 8,45 0,46 8,45 0,46 4,47 0,46 4,47 0,46 8,45 0,46 8,45 0,46 8,45 0,46 8,45 0,46 8,45 8,47 8,45 0,42 4,42 4,42 4,42 4,42 4,42 4,42 4,42 4,42 4,42 0,43 4,42 4,42 4,42 4,42 4,42 4,42 4,42 4,43 8,45 0,46 8,45 0,46 4,47 0,46 8,45 0,46 8,45 0,46 8,45 0,46 4,47 0,46 0,45 0,46
0,41 4,41 0,41 4,41 0,41 4,41 0,42 4,42 4,42 4,46 8,46 8,46 8,46 8,46 0,48 4,48 8,48 0,49 4,49 8,49 8,49 0,50 0,49 4,50 8,50 0,51 4,51 4,51 8,51 0,52 4,52 8,46 8,46 8,46 8,46 8,46 0,48 4,48 8,52 0,53 4,52 8,46 8,46 8,46 0,47 4,43 0,41 4,41 0,41 8,44 0,41 4,41 0,41 4,41 0,41 4,41 0,44 4,41 0,41 4,41 0,41 4,41 0,41 4,41 0,41 4,44 0,41 4,41 0,41 4,41 0,41 8,43 0,43 4,42 4,42 4,42 8,42 4,46 8,46 8,46 8,46 8,46 8,46 8,46 8,46 8,46 8,46 8,46 8,46 8,46 8,46 8,46 8,46 8,46 8,46 0,47 4,42 4,42 4,42 8,42 4,42 4,43 0,41 4,41 0,41 4,41 0,41 4,41 0,41 4,41 0,41 4,41
8,45 0,46 8,45 0,46 0,42 4,42 4,46 8,46 8,46 0,48 4,53 8,53 8,50 0,54 4,54 8,54 0,0 0,0 0,0 0,0 0,0 0,0 0,0 0,0 1,0 2,0 2,0 2,0 2,0 0,55 4,55 8,55 0,51 4,51 8,55 0,56 4,56 8,56 0,0 0,57 4,57 8,57 0,58 4,58 4,52 0,47 4,43 0,46 8,45 0,46 8,45 0,46 8,45 0,46 8,45 0,46 8,45 0,46 8,45 0,46 8,45 0,46 8,45 4,45 8,45 0,46 8,45 0,46 0,42 8,42 4,42 4,46 8,46 8,46 8,46 8,46 8,46 0,48 8,58 0,59 4,59 8,59 0,60 4,60 8,60 0,60 4,59 4,59 4,60 0,61 0,61 4,61 4,59 8,61 0,62 4,52 8,46 8,46 8,46 8,46 8,46 0,47 4,42 4,42 4,43 0,46 8,45 0,46 8,45 0,46 8,45 0,46
0,41 4,41 0,41 0,42 4,46 8,46 0,48 4,53 4,62 4,56 8,62 2,0 2,0 2,0 2,0 3,0 0,0 0,0 0,0 4,0 0,0 0,0 0,0 5,0 2,0 6,0 2,0 6,0 2,0 2,0 2,0 2,0 2,0 2,0 2,0 2,0 2,0 3,0 0,0 0,0 0,0 0,0 7,0 0,63 4,63 4,52 0,47 4,43 0,41 4,41 0,41 4,44 0,41 4,41 0,41 4,41 0,41 4,41 8,41 4,41 0,41 8,44 0,41 4,41 0,41 4,41 8,63 4,42 4,46 8,46 8,46 0,48 8,58 0,64 8,60 4,64 8,60 8,64 0,65 8,0 8,0 8,0 8,0 8,0 8,0 8,0 8,0 8,0 8,0 8,0 8,0 8,0 8,0 8,0 4,65 8,65 0,66 0,66 0,60 4,66 8,66 4,52 8,46 8,46 0,47 4,42 4,43 4,41 0,41 4,41 0,41 4,41
8,45 4,45 0,42 4,46 0,48 4,53 0,67 8,62 2,0 2,0 2,0 2,0 9,0 10,0 9,0 11,0 0,1 1,1 0,0 0,0 2,1 0,0 3,1 4,1 9,0 10,0 9,0 10,0 9,0 10,0 9,0 10,0 9,0 10,0 9,0 10,0 9,0 11,0 1,1 0,0 5,0 5,1 6,1 7,1 4,67 8,67 4,52 0,47 4,43 0,46 8,45 0,46 0,45 0,46 8,45 0,46 8,45 0,46 8,45 8,47 8,45 0,46 8,45 0,46 0,42 4,42 4,46 8,46 0,48 0,68 4,68 8,68 0,69 8,0 8,0 8,0 8,0 8,0 8,1 8,0 8,0 8,0 8,0 8,0 9,1 10,1 11,1 10,1 11,1 0,2 11,1 10,1 1,2 8,0 8,0 8,0 8,0 8,0 8,0 8,0 4,69 8,69 0,70 4,70 4,52 8,46 0,47 4,42 4,43 0,46 8,45 0,46
0,41 0,42 4,46 0,48 8,70 0,71 2,0 2,0 2,0 6,0 2,0 6,0 2,0 6,0 2,0 6,0 2,0 11,0 1,1 0,0 0,0 0,0 0,0 2,2 4,1 6,0 2,0 6,0 2,0 6,0 2,0 6,0 2,0 6,0 2,0 6,0 2,0 6,0 11,0 0,1 2,0 2,0 3,2 4,2 5,2 4,71 8,71 8,46 0,72 4,41 0,41 4,41 0,44 4,41 0,41 4,41 0,41 4,41 0,41 4,44 0,44 4,41 0,41 0,42 4,46 8,46 0,48 4,72 8,72 0,73 8,0 8,0 8,0 8,0 6,2 7,2 7,2 7,2 8,2 7,2 7,2 7,2 9,2 8,0 8,0 10,2 8,0 11,2 0,3 10,2 8,0 10,2 0,3 10,2 8,0 11,2 8,0 10,2 8,0 8,0 8,0 8,0 8,0 4,73 8,73 4,70 4,52 8,46 0,47 0,74 0,41 4,41
0,42 4,46 0,48 4,74 8,74 2,0 2,0 10,0 9,0 10,0 9,0 10,0 9,0 10,0 9,0 10,0 9,0 10,0 1,3 2,3 0,0 3,3 0,0 0,0 2,2 4,3 4,3 4,3 4,1 10,0 9,0 10,0 5,3 4,3 4,3 4,3 4,1 10,0 9,0 10,0 9,0 2,0 2,0 3,0 0,0 0,0 0,75 4,52 0,47 4,43 4,47 4,45 8,45 0,46 8,45 0,46 4,47 4,45 8,45 0,46 8,45 0,46 0,42 4,46 0,48 8,58 4,75 8,75 8,0 8,0 8,0 10,1 8,0 6,3 7,3 8,3 7,1 9,3 7,1 7,1 7,1 7,1 10,3 11,3 8,0 0,4 11,1 10,1 11,1 10,1 11,1 0,4 11,1 10,1 11,1 10,1 11,1 10,1 11,1 0,4 11,1 10,1 8,0 8,0 8,0 0,76 4,76 8,66 4,52 0,47 4,43 0,46
8,76 8,46 0,77 4,77 2,0 2,0 2,0 6,0 2,0 6,0 2,0 6,0 2,0 6,0 2,0 6,0 2,0 5,3 1,4 0,0 0,0 2,4 0,0 0,0 0,0 0,0 0,0 0,0 2,2 4,3 4,3 4,3 1,4 0,0 0,0 0,0 2,2 4,1 2,0 6,0 2,0 6,0 2,0 1,3 2,3 0,0 8,77 8,71 8,46 0,72 0,41 4,41 0,41 4,41 0,41 4,41 0,41 4,41 0,41 4,41 0,41 0,42 4,46 0,48 0,78 4,78 8,0 8,0 8,0 10,2 8,0 10,2 8,0 8,0 3,4 4,4 4,4 4,4 5,4 4,4 4,4 4,4 6,4 8,0 8,0 11,2 0,3 10,2 0,3 10,2 8,0 10,2 8,0 10,2 8,0 10,2 8,0 10,2 8,0 10,2 8,0 11,2 7,4 10,2 8,0 8,0 8,0 8,78 0,79 4,52 0,47 4,43
8,46 0,48 4,79 4,3 4,3 4,1 9,0 10,0 9,0 10,0 9,0 10,0 9,0 10,0 9,0 5,3 4,3 1,4 0,0 0,0 2,1 3,3 2,1 3,3 2,1 8,4 2,1 0,0 0,0 0,0 0,0 0,0 0,0 0,0 2,1 0,0 0,0 2,2 4,1 10,0 9,0 10,0 5,3 1,4 0,0 0,0 0,0 8,79 8,46 0,72 8,45 0,46 8,45 0,46 8,45 0,46 8,45 0,46 8,45 0,46 8,45 0,80 8,46 4,80 8,80 8,0 8,0 0,2 9,1 10,1 1,2 10,1 11,1 8,0 8,0 8,0 8,0 8,0 9,4 8,0 8,0 8,0 8,0 8,0 11,1 10,1 11,1 10,1 11,1 10,1 9,1 10,1 11,1 10,1 9,1 0,2 11,1 10,1 11,1 10,1 9,1 0,2 11,1 10,1 11,1 0,2 8,0 8,0 0,81 4,81 8,46 8,81
8,46 0,82 4,82 0,0 0,0 2,2 4,3 4,3 4,3 4,3 10,4 4,3 4,3 4,3 4,3 1,4 0,0 0,0 0,0 11,4 0,5 2,4 1,5 4,0 0,0 2,4 0,0 4,0 0,0 4,0 0,0 2,5 0,5 4,0 0,0 2,4 0,0 0,0 2,2 4,3 10,4 4,3 1,4 0,0 0,0 0,0 8,82 0,83 8,46 4,83 0,41 4,41 0,41 4,41 0,41 4,41 0,41 4,41 0,41 8,44 0,42 4,46 0,48 8,83 8,0 8,0 8,0 11,2 8,0 11,2 8,0 10,2 8,0 10,2 8,0 10,2 8,0 8,0 8,0 8,0 8,0 10,2 8,0 10,2 7,4 10,2 7,4 10,2 8,0 10,2 8,0 11,2 8,0 10,2 8,0 10,2 8,0 3,5 0,3 10,2 0,3 10,2 7,4 3,5 8,0 10,2 7,4 8,0 8,0 0,84 4,52 8,46
8,46 4,84 0,0 0,0 0,0 0,0 0,0 0,0 0,0 0,0 4,5 0,0 0,0 0,0 0,0 0,0 0,0 3,3 2,1 3,3 2,1 3,3 2,1 3,3 2,1 3,3 2,1 3,3 2,1 8,4 2,1 8,4 2,1 3,3 5,5 3,3 2,1 0,0 0,0 0,0 4,5 0,0 0,0 0,0 0,0 0,0 8,84 0,85 4,85 8,85 8,45 0,46 8,45 0,46 8,45 8,47 0,45 0,46 8,45 0,46 0,80 8,46 0,86 4,86 8,0 10,1 11,1 10,1 11,1 10,1 9,1 0,2 11,1 10,1 11,1 10,1 11,1 10,1 11,1 0,4 9,1 0,2 9,1 10,1 11,1 10,1 11,1 10,1 11,1 10,1 9,1 0,2 9,1 0,2 11,1 10,1 11,1 10,1 11,1 0,4 11,1 0,4 9,1 0,4 11,1 10,1 11,1 10,1 8,0 8,86 0,87 8,46
8,46 4,87 0,0 4,0 1,5 4,0 0,0 4,0 0,0 0,0 0,0 0,0 0,0 5,0 0,1 1,1 0,0 0,0 6,5 7,5 8,5 9,5 10,5 11,5 0,6 0,0 0,0 0,0 0,0 0,0 0,0 0,0 0,0 0,0 0,0 0,0 0,0 4,0 0,0 0,0 0,0 0,0 1,5 0,0 0,0 8,87 0,88 8,46 0,72 4,41 0,41 4,41 0,41 4,41 0,41 4,41 0,41 4,41 0,41 4,41 0,80 8,46 4,88 8,0 8,0 11,2 0,3 10,2 8,0 10,2 8,0 11,2 8,0 10,2 8,0 10,2 8,0 10,2 8,0 10,2 8,0 10,2 8,0 10,2 8,0 10,2 8,0 10,2 8,0 3,5 0,3 10,2 8,0 10,2 7,4 11,2 8,0 10,2 0,3 10,2 8,0 10,2 8,0 10,2 8,0 10,2 8,0 10,2 8,0 8,0 8,88 8,46
8,46 0,89 0,0 0,0 0,0 0,0 0,0 0,0 0,0 0,0 0,0 5,0 0,1 2,0 9,0 11,0 0,1 1,1 1,6 2,6 3,6 4,6 5,6 6,6 7,6 0,0 5,0 0,1 0,1 0,1 0,1 0,1 0,1 0,1 1,1 0,0 0,0 0,0 2,1 3,3 2,1 8,4 0,0 0,0 4,89 8,89 0,85 4,85 0,90 0,46 8,45 0,46 8,45 0,46 4,47 4,45 8,45 0,46 8,45 4,45 0,80 8,46 4,90 8,90 8,0 10,1 11,1 0,2 11,1 0,2 11,1 10,1 11,1 10,1 11,1 0,2 11,1 10,1 11,1 10,1 11,1 10,1 11,1 10,1 11,1 10,1 11,1 10,1 11,1 0,2 11,1 0,2 11,1 10,1 11,1 10,1 11,1 0,2 9,1 0,2 11,1 0,2 9,1 10,1 11,1 10,1 11,1 10,1 8,0 0,91 4,91 8,46
8,46 8,91 0,0 5,0 0,1 0,1 0,1 0,1 0,1 1,1 0,0 1,0 2,0 6,0 2,0 6,0 2,0 3,0 8,6 9,6 10,6 11,6 0,7 1,7 2,7 3,7 1,0 6,0 2,0 6,0 2,0 6,0 2,0 6,0 11,0 0,1 1,1 0,0 0,0 0,0 0,0 0,0 0,0 0,92 4,92 0,85 4,85 0,90 0,41 4,41 0,41 4,41 0,44 4,41 0,41 4,41 0,41 4,41 0,41 4,41 8,92 0,93 4,93 8,93 8,0 8,0 8,0 11,2 8,0 10,2 8,0 10,2 8,0 10,2 8,0 10,2 8,0 10,2 8,0 11,2 8,0 10,2 8,0 10,2 8,0 10,2 8,0 10,2 8,0 10,2 8,0 10,2 8,0 3,5 0,3 11,2 0,3 10,2 8,0 10,2 8,0 11,2 8,0 10,2 8,0 10,2 0,3 8,0 8,0 0,94 0,85 8,46
8,46 4,94 8,94 2,0 9,0 10,0 9,0 10,0 9,0 11,0 4,7 4,3 4,3 4,1 9,0 5,3 4,3 1,4 5,7 6,7 7,7 8,7 9,7 10,7 11,7 0,8 1,0 10,0 9,0 10,0 9,0 10,0 9,0 10,0 9,0 10,0 3,0 0,0 0,0 0,0 0,95 4,95 8,95 0,96 0,85 4,85 8,85 0,46 8,45 4,45 8,45 4,45 4,47 8,47 4,47 0,46 8,45 0,46 8,45 4,45 8,45 4,96 8,46 8,96 0,97 8,0 8,0 10,1 11,1 0,2 9,1 10,1 11,1 10,1 11,1 10,1 11,1 10,1 11,1 0,2 11,1 10,1 11,1 10,1 11,1 10,1 11,1 10,1 11,1 10,1 11,1 10,1 11,1 0,2 11,1 0,4 11,1 10,1 11,1 0,2 11,1 10,1 11,1 10,1 11,1 10,1 8,0 8,0 4,97 8,97 8,46 4,85
8,46 4,93 0,98 2,0 2,0 2,0 2,0 6,0 2,0 6,0 3,0 0,0 0,0 2,2 4,3 1,4 0,0 0,0 1,8 2,8 3,8 4,8 5,8 6,8 7,8 8,8 1,0 6,0 2,0 6,0 2,0 6,0 2,0 6,0 5,3 4,3 1,4 0,0 0,0 4,98 8,98 0,85 8,46 8,46 4,85 8,85 0,41 4,41 0,41 4,41 0,41 4,41 0,41 4,41 0,41 4,41 8,41 4,41 0,41 4,41 0,41 8,92 0,93 4,93 0,99 4,99 8,0 8,0 8,0 10,2 0,3 11,2 8,0 10,2 8,0 11,2 0,3 10,2 8,0 10,2 8,0 10,2 0,3 10,2 8,0 10,2 8,0 11,2 8,0 10,2 8,0 10,2 8,0 10,2 8,0 10,2 8,0 11,2 8,0 10,2 8,0 10,2 8,0 10,2 8,0 8,0 8,0 8,99 0,100 0,85 4,85 8,85
0,93 8,46 4,100 8,100 0,101 2,0 2,0 2,0 2,0 2,0 3,0 0,0 0,0 0,0 0,0 0,0 0,0 3,3 9,8 10,8 11,8 0,9 1,9 2,9 3,9 4,9 2,2 4,3 4,3 4,3 4,3 4,3 4,3 4,3 5,9 0,0 0,0 0,95 4,101 0,96 0,85 4,85 8,101 8,101 8,85 0,46 0,45 0,46 8,45 4,45 8,45 0,46 8,45 0,46 8,45 0,46 8,45 0,46 0,45 0,46 8,45 0,46 8,92 0,93 4,93 0,102 4,102 8,102 8,0 8,0 8,0 10,1 1,2 10,1 11,1 10,1 11,1 10,1 11,1 10,1 11,1 10,1 11,1 10,1 1,2 10,1 11,1 10,1 11,1 10,1 11,1 10,1 11,1 10,1 11,1 10,1 11,1 10,1 11,1 10,1 11,1 10,1 11,1 10,1 11,1 8,0 0,103 4,103 0,85 8,46 0,72 0,46
8,92 0,93 8,46 4,93 8,103 0,104 4,104 8,104 2,0 0,105 4,105 0,0 0,0 0,0 0,0 0,0 0,0 11,4 0,0 4,0 0,0 4,0 6,9 4,0 0,0 0,0 0,0 0,0 0,0 0,0 0,0 0,0 0,0 0,0 8,105 0,106 4,106 8,106 0,85 8,46 4,85 8,85 0,41 4,41 0,41 4,41 0,41 4,41 0,41 4,41 0,41 4,41 0,41 4,41 0,41 4,41 0,41 4,41 0,41 4,41 0,41 4,41 0,41 8,92 0,93 8,46 4,93 0,107 4,107 8,107 8,0 8,0 8,0 8,0 8,0 10,2 7,4 10,2 0,3 11,2 8,0 3,5 8,0 3,5 8,0 10,2 8,0 10,2 0,3 10,2 8,0 3,5 8,0 10,2 8,0 11,2 8,0 10,2 0,3 3,5 0,3 3,5 7,4 10,2 8,0 8,0 0,108 4,108 4,52 8,46 0,72 4,41
8,45 8,92 8,101 0,93 8,46 8,46 4,93 8,103 8,108 0,109 4,109 8,109 0,110 4,110 8,110 0,111 0,0 0,0 0,0 0,0 0,0 0,0 0,0 0,0 0,0 0,0 0,0 0,0 0,0 4,111 8,111 0,112 4,112 8,112 8,106 0,85 8,46 8,46 4,85 8,101 0,113 0,46 8,45 0,46 8,45 0,46 8,45 0,46 8,45 0,46 8,45 4,45 8,45 0,46 8,45 0,46 8,45 0,46 0,45 0,46 8,45 0,46 8,45 0,46 8,92 8,101 0,93 8,46 4,93 0,107 4,113 8,113 0,114 8,0 8,0 8,0 8,0 8,0 8,0 8,0 11,1 10,1 11,1 0,4 11,1 10,1 11,1 10,1 11,1 10,1 11,1 0,4 9,1 10,1 11,1 10,1 11,1 10,1 1,2 10,1 1,2 10,1 11,1 10,1 11,1 8,0 8,0 4,114 4,81 8,46 0,72 0,46
0,41 4,41 0,41 8,92 8,101 8,101 0,93 8,46 8,46 8,46 8,46 8,46 8,46 8,46 4,93 8,114 0,115 4,115 4,110 8,115 4,112 0,110 0,116 0,112 4,112 4,116 4,115 4,110 8,116 0,117 0,85 8,46 8,46 8,46 8,46 4,85 8,101 8,101 0,113 4,41 0,41 4,41 0,41 8,44 0,41 4,41 0,41 4,41 0,41 4,41 0,41 4,41 0,41 4,41 0,41 4,41 0,41 4,41 0,41 4,41 8,41 4,41 0,41 4,41 0,41 4,44 4,117 8,101 0,93 8,46 8,46 4,93 8,117 0,118 4,118 8,118 0,119 4,119 8,119 8,0 8,0 8,0 8,0 8,0 8,0 8,0 8,0 8,0 8,0 8,0 8,0 8,0 8,0 10,2 8,0 10,2 8,0 10,2 8,0 11,2 8,0 10,2 8,0 10,2 8,0 10,2 8,0 8,0 0,120 4,52 0,47 4,43
0,45 0,46 8,45 0,46 8,45 0,46 8,92 8,101 8,101 8,101 4,120 8,101 8,101 8,101 0,93 8,46 8,46 8,46 8,46 8,46 8,46 8,46 8,46 8,46 8,46 8,46 8,46 8,46 8,46 8,46 4,85 8,101 8,101 8,101 8,101 8,85 4,47 8,47 8,45 0,46 8,45 4,45 8,45 0,46 8,45 0,46 8,45 4,45 0,42 4,42 4,42 4,42 4,43 0,46 8,45 4,45 0,42 8,42 8,42 4,42 4,43 0,46 8,45 0,46 8,45 0,46 8,45 0,46 8,92 8,101 8,101 0,93 8,46 8,46 8,46 8,46 8,46 4,93 0,107 8,120 0,119 0,121 4,121 4,118 8,121 4,121 4,118 8,118 0,122 4,122 7,9 8,0 11,1 10,1 9,1 10,1 11,1 0,2 11,1 10,1 11,1 0,2 11,1 10,1 11,1 10,1 9,1 8,0 8,122 0,87 8,46 0,72
0,44 4,41 0,41 4,41 0,41 8,44 0,41 4,41 0,41 4,41 0,41 4,41 0,41 8,44 8,92 8,101 8,101 4,120 8,101 8,101 8,101 8,101 8,101 8,101 8,101 8,101 8,101 8,101 0,123 8,101 8,85 4,41 0,41 4,41 0,44 4,41 0,44 4,41 0,41 4,41 8,41 4,41 0,41 0,42 4,42 4,42 4,42 0,43 4,46 8,46 8,46 8,46 0,47 4,42 0,43 4,42 4,46 8,46 8,46 8,46 0,47 4,42 4,42 4,42 4,42 4,42 4,42 4,43 0,41 4,41 0,41 8,92 8,101 8,101 8,101 8,101 8,101 0,93 8,46 8,46 8,46 8,46 8,46 8,46 8,46 8,46 8,46 8,46 4,93 4,123 8,0 8,0 8,0 10,2 8,0 11,2 8,0 11,2 8,0 10,2 8,0 10,2 8,0 10,2 8,0 10,2 8,0 8,0 8,0 8,123 8,46 0,72
8,45 0,46 8,45 0,46 0,45 8,47 8,45 4,45 8,45 0,46 8,45 0,46 8,45 8,47 8,45 4,45 8,45 0,46 8,45 0,46 8,45 0,46 8,45 4,45 4,47 0,46 8,45 0,46 8,45 0,46 8,45 0,46 0,45 0,46 8,45 0,46 4,47 0,46 8,45 0,46 8,45 0,42 4,42 4,46 8,46 8,46 8,46 8,46 0,48 0,124 4,124 8,124 4,52 8,46 8,46 8,46 0,48 0,125 4,125 8,124 4,52 8,46 8,46 8,46 8,46 8,46 8,46 0,47 4,42 4,42 4,43 0,46 8,45 0,46 8,45 0,46 8,45 8,92 0,123 8,101 4,120 8,101 8,101 8,101 8,101 8,101 8,101 0,93 8,46 8,125 8,0 10,1 1,2 10,1 11,1 10,1 9,1 10,1 11,1 10,1 11,1 10,1 11,1 0,2 9,1 0,4 1,2 10,1 8,0 0,126 8,46 0,72
0,41 8,44 8,41 4,41 8,41 4,41 0,41 8,44 0,44 4,41 0,41 4,41 0,41 4,41 8,41 0,42 4,42 4,42 4,42 4,43 0,41 4,41 0,41 4,41 0,41 4,41 0,41 4,41 0,41 4,41 0,41 4,41 0,41 8,44 0,41 4,41 0,41 4,44 0,41 8,44 0,42 4,46 8,46 0,48 0,125 4,126 8,126 0,127 4,127 8,127 8,9 0,128 4,128 8,128 8,128 0,129 4,129 8,129 8,9 0,130 4,130 8,130 0,131 4,131 8,131 0,132 4,132 4,52 8,46 8,46 0,47 4,42 4,43 4,41 0,41 4,41 0,41 4,41 0,41 4,41 0,41 4,41 0,41 4,41 0,41 4,41 0,41 0,80 8,46 8,132 8,0 10,2 8,0 10,2 0,3 10,2 8,0 10,2 8,0 10,2 8,0 10,2 8,0 10,2 8,0 10,2 8,0 10,2 8,0 0,126 8,46 0,133
8,45 0,46 8,45 0,46 8,45 0,46 8,45 0,46 8,45 0,42 4,42 8,42 4,42 4,42 4,42 4,46 8,46 8,46 8,46 0,47 4,42 8,42 4,42 4,42 4,42 4,42 4,42 4,42 4,42 4,42 4,42 4,42 4,43 0,46 8,45 0,46 8,45 0,46 0,45 0,42 4,46 0,48 0,125 4,133 8,133 8,9 8,9 8,9 8,9 8,9 9,9 8,9 10,9 7,1 7,1 7,1 7,1 11,9 0,10 1,10 7,1 7,1 2,10 8,9 8,9 8,9 0,134 4,134 8,134 8,124 4,52 8,46 0,47 4,42 4,43 0,46 8,45 0,46 8,45 0,46 8,45 0,46 8,45 0,46 4,47 0,46 8,45 0,80 8,46 0,135 8,0 10,1 1,2 10,1 11,1 10,1 1,2 10,1 11,1 0,2 9,1 10,1 11,1 10,1 1,2 0,2 9,1 10,1 8,0 4,135 8,46 0,47
0,44 8,44 0,41 4,44 0,41 4,41 0,41 0,42 4,42 4,46 8,46 8,46 8,46 8,46 8,46 0,48 8,135 0,136 4,136 4,52 8,46 8,46 8,46 8,46 8,46 8,46 8,46 8,46 8,46 8,46 8,46 8,46 0,47 4,42 0,74 4,41 0,41 4,41 0,42 4,46 0,48 8,136 0,137 8,9 3,10 4,10 5,10 6,10 0,10 0,10 7,10 0,10 1,10 7,1 7,1 7,1 7,1 7,1 8,10 9,10 7,1 7,1 11,9 0,10 0,10 10,10 8,9 8,9 8,9 4,137 8,137 0,138 4,52 8,46 0,47 0,74 0,41 4,41 0,41 4,41 0,41 4,41 0,41 4,41 0,41 4,41 0,42 4,46 0,48 4,138 8,0 3,5 7,4 3,5 8,0 10,2 8,0 10,2 0,3 3,5 8,0 10,2 8,0 11,2 0,3 3,5 8,0 11,2 8,0 8,138 4,52 8,46
8,45 0,46 8,45 0,42 4,42 4,42 4,42 4,46 8,46 0,48 0,139 4,139 8,139 0,140 4,140 8,140 0,141 11,10 4,141 8,141 0,142 4,142 8,142 0,143 8,126 8,142 0,143 8,126 0,127 4,131 4,143 0,138 4,52 8,46 0,47 4,42 0,74 0,46 0,80 8,46 8,143 0,144 8,9 8,9 0,11 1,11 2,11 3,11 7,1 8,3 7,1 7,1 7,1 7,1 7,1 7,1 7,1 7,1 4,11 5,11 6,11 7,1 7,1 7,1 7,1 11,9 0,10 10,10 8,9 8,9 8,9 4,144 8,144 4,132 4,52 0,47 4,43 0,46 8,45 0,46 8,45 0,46 8,45 0,46 8,45 0,46 0,80 8,46 0,86 0,145 8,0 10,1 1,2 10,1 9,1 10,1 11,1 10,1 11,1 0,2 11,1 10,1 11,1 10,1 11,1 0,2 11,1 10,1 8,0 8,122 0,87 8,46
0,41 4,44 0,42 4,46 8,46 8,46 8,46 0,48 4,145 8,145 0,146 7,11 8,11 11,10 11,10 11,10 9,11 8,9 10,11 9,11 8,9 8,9 8,9 8,9 8,9 8,9 8,9 8,9 8,9 8,9 8,9 4,146 8,146 0,147 4,52 8,46 0,47 4,42 4,46 0,48 4,147 8,9 8,9 8,9 11,11 0,12 1,12 2,12 3,12 7,1 9,3 8,3 7,1 7,1 7,1 7,1 4,12 5,12 6,12 7,12 8,12 9,12 7,1 7,1 7,1 7,1 9,3 11,9 0,10 10,10 8,9 8,9 8,9 8,147 0,148 4,52 0,47 4,43 0,41 4,41 0,41 4,41 0,41 4,41 0,41 4,41 0,80 8,46 4,88 8,0 8,0 10,2 8,0 10,2 8,0 10,2 8,0 10,2 8,0 11,2 8,0 10,2 8,0 11,2 0,3 10,2 7,4 11,2 8,0 8,0 4,148 8,46
8,45 0,46 0,80 8,46 8,148 4,126 8,126 0,149 4,149 10,12 11,12 0,13 1,13 8,9 8,9 8,9 8,9 8,9 8,9 8,9 2,13 3,13 4,13 3,13 4,13 5,13 6,13 8,9 8,9 7,13 8,13 9,13 9,13 8,149 0,150 4,150 8,46 8,46 8,46 8,143 8,150 8,9 8,9 10,13 11,13 0,14 1,14 2,14 3,14 4,14 8,3 7,1 7,1 7,1 7,1 5,14 6,14 7,14 8,14 9,14 10,14 11,14 0,15 7,1 7,1 7,1 9,3 9,3 4,14 11,9 10,10 8,9 8,9 8,9 0,151 4,151 4,52 0,47 0,74 0,46 4,47 0,46 4,47 0,46 8,45 0,46 0,80 8,46 4,90 8,151 8,0 10,1 11,1 10,1 11,1 10,1 11,1 10,1 11,1 10,1 11,1 0,2 11,1 10,1 9,1 10,1 1,2 10,1 8,0 0,152 4,152 8,46
0,41 4,41 0,80 8,46 8,152 1,15 8,9 1,15 2,15 8,9 8,9 8,9 3,15 4,15 8,9 8,9 5,15 6,15 7,15 8,15 2,13 8,15 2,13 8,15 2,13 8,15 5,15 8,9 7,13 9,13 9,13 9,15 9,13 9,13 9,13 0,153 4,52 8,46 8,46 4,153 8,9 8,9 8,9 10,15 7,1 7,1 7,1 7,1 7,1 9,3 7,1 7,1 7,1 7,1 7,1 11,15 0,16 1,16 2,16 3,16 4,16 5,16 6,16 7,16 7,1 7,1 8,16 7,1 7,1 4,14 11,9 10,10 8,9 8,9 8,9 8,147 8,153 8,46 0,72 4,41 0,41 4,41 0,41 4,41 0,41 4,44 4,117 0,93 4,93 0,154 8,0 10,2 8,0 11,2 8,0 10,2 8,0 10,2 8,0 10,2 8,0 10,2 8,0 10,2 8,0 10,2 8,0 10,2 8,0 4,154 0,85 8,46
8,45 0,42 4,46 0,48 8,154 9,16 10,16 11,16 0,17 1,17 2,17 3,17 4,17 5,17 6,17 8,9 8,9 5,13 6,13 7,17 4,13 3,13 4,13 3,13 4,13 5,13 4,13 8,9 8,17 9,17 10,17 9,17 11,17 9,17 9,13 0,155 4,155 8,46 8,46 8,155 0,156 8,9 8,9 10,15 7,1 7,1 7,1 7,1 9,3 7,1 7,1 7,1 7,1 0,18 1,18 2,18 3,18 4,18 5,18 6,18 7,18 8,18 9,18 10,18 11,18 7,1 7,1 7,1 9,3 7,1 7,1 0,19 8,9 5,13 8,9 8,9 4,156 8,46 0,72 0,46 8,45 0,46 8,45 0,46 8,45 0,46 8,45 0,80 8,46 0,135 8,0 10,1 11,1 10,1 9,1 10,1 11,1 10,1 11,1 10,1 11,1 10,1 11,1 10,1 11,1 10,1 11,1 10,1 8,0 0,126 8,46 4,85
0,41 0,80 8,46 8,156 0,157 1,19 2,19 3,19 4,19 5,19 6,19 7,19 8,19 8,17 9,19 10,19 8,9 6,15 11,19 0,20 8,9 8,9 8,9 8,9 8,9 6,15 8,9 8,9 1,20 2,20 9,13 9,15 9,13 9,15 9,13 9,13 4,157 4,52 8,46 8,157 0,158 8,9 8,9 10,15 8,3 7,1 8,16 7,1 7,1 7,1 4,14 7,1 7,1 3,20 4,20 5,20 6,20 7,20 8,20 9,20 10,20 11,20 0,21 1,21 2,21 7,1 8,16 7,1 7,1 7,1 7,1 0,19 8,9 8,9 8,9 8,9 4,158 4,52 0,47 4,43 0,41 4,41 0,41 4,41 0,41 4,41 0,41 0,80 8,46 0,135 8,0 10,2 0,3 11,2 0,3 11,2 8,0 10,2 8,0 10,2 7,4 10,2 8,0 10,2 8,0 10,2 8,0 10,2 8,0 4,135 8,46 0,72
0,42 4,46 0,48 8,158 3,21 4,21 5,21 6,21 7,21 8,21 9,21 10,21 11,21 0,22 1,22 8,9 8,9 5,13 4,13 2,22 6,13 8,9 0,159 8,9 4,13 5,13 3,22 8,9 8,9 1,20 10,12 10,12 10,12 10,12 10,12 10,12 4,159 8,159 8,46 0,160 4,160 8,9 4,22 5,22 7,1 7,1 4,14 8,3 7,1 8,16 7,1 8,3 6,22 7,22 8,22 9,22 10,22 11,22 0,23 9,20 1,23 2,23 3,23 4,23 5,23 6,23 8,3 4,14 4,14 7,1 8,16 7,23 8,23 8,9 9,23 8,9 8,160 8,153 8,46 0,72 8,45 8,47 8,45 0,46 8,45 0,46 4,47 0,80 8,46 0,135 8,0 0,2 11,1 10,1 11,1 0,4 9,1 10,1 11,1 0,2 11,1 10,1 11,1 10,1 11,1 10,1 11,1 10,1 8,0 0,161 8,46 0,72
0,80 8,46 4,161 8,161 9,11 8,9 10,23 11,23 0,24 1,24 2,24 3,24 8,9 4,24 2,13 2,13 7,15 5,24 8,9 5,24 7,15 8,9 0,162 8,9 8,9 6,24 7,24 8,24 8,9 8,9 8,9 8,9 8,9 8,9 8,9 8,9 8,9 4,162 8,46 8,162 8,9 8,9 8,9 10,9 7,1 9,3 7,1 9,3 7,1 7,1 4,14 7,1 9,24 10,24 11,24 0,25 1,25 2,25 3,25 4,25 5,25 6,25 7,25 8,25 9,25 10,25 7,1 7,1 7,1 7,1 9,3 2,10 8,9 8,9 11,25 8,9 8,9 0,163 8,46 0,72 0,41 4,41 0,41 4,41 0,41 4,44 0,41 4,163 8,46 8,163 8,0 8,0 8,0 3,5 8,0 10,2 8,0 10,2 7,4 10,2 8,0 3,5 8,0 10,2 8,0 10,2 8,0 8,0 8,0 0,164 8,46 4,83
4,46 8,46 4,164 0,26 8,9 8,9 4,13 8,9 1,26 8,9 2,26 5,13 8,9 2,13 2,13 3,13 4,13 5,13 6,13 2,22 8,9 8,9 8,164 8,9 3,22 2,22 4,13 5,13 4,13 5,13 4,13 5,13 4,13 2,22 4,13 8,9 0,165 4,165 8,46 8,155 8,165 8,9 8,9 10,15 7,1 7,1 7,1 7,1 7,1 7,1 9,3 7,1 3,26 4,26 5,26 6,26 7,26 8,26 9,26 10,26 11,26 0,27 1,27 2,27 3,27 4,27 8,16 7,1 7,1 7,1 4,14 0,19 8,9 5,13 6,13 8,9 0,166 4,166 8,46 0,72 8,45 0,46 8,45 0,46 8,45 8,47 8,45 0,80 8,46 8,166 0,167 8,0 11,1 0,4 11,1 10,1 11,1 10,1 11,1 10,1 9,1 10,1 11,1 10,1 11,1 10,1 11,1 8,0 4,167 4,91 8,46 4,83
8,46 0,48 8,167 0,26 8,9 5,27 6,27 6,27 7,27 8,27 6,27 9,27 9,27 8,15 2,13 8,15 8,9 6,15 8,9 6,15 10,27 0,168 4,168 8,9 7,24 6,15 7,15 11,27 5,15 6,15 7,15 6,15 7,15 6,15 8,9 8,9 8,168 0,85 8,46 4,93 0,169 8,9 8,9 0,28 1,28 7,1 7,1 4,14 8,3 7,1 7,1 7,1 4,14 7,1 7,1 7,1 8,16 8,16 8,3 7,1 4,14 7,1 7,1 4,14 7,1 7,1 7,1 7,1 7,1 7,1 7,1 0,19 8,9 6,15 7,24 8,9 4,169 0,85 4,85 8,85 8,41 4,41 0,44 4,41 0,41 0,42 4,42 4,46 8,46 8,157 8,169 8,0 8,0 8,0 8,0 8,0 8,0 8,0 8,0 8,0 8,0 8,0 8,0 8,0 8,0 11,2 8,0 8,0 0,170 0,85 4,85 8,85
8,46 4,170 8,170 9,11 8,9 2,28 3,22 8,9 8,9 3,28 4,28 8,9 8,9 5,13 4,13 2,22 4,13 5,13 3,22 5,13 6,27 0,171 8,9 8,9 4,13 5,13 4,13 5,13 5,28 2,22 6,13 5,13 6,13 5,13 8,9 0,165 4,165 8,46 8,46 8,46 4,171 8,9 8,9 8,9 6,28 1,28 7,1 7,1 8,3 8,3 7,1 7,1 9,3 8,3 9,3 7,1 9,3 7,1 4,14 4,14 7,1 8,16 7,1 7,1 7,1 7,1 4,14 9,3 4,14 7,1 7,1 0,19 8,9 2,28 8,9 8,9 8,171 8,46 0,72 8,47 8,45 0,46 8,45 8,63 4,42 4,46 8,46 8,46 0,48 0,172 4,172 8,172 7,2 7,2 7,2 7,2 7,2 7,2 7,2 7,2 7,2 7,2 7,2 9,2 8,0 8,0 8,0 0,173 4,91 8,46 0,72 0,46
8,46 4,173 0,26 8,9 8,9 6,15 8,9 7,28 8,9 8,9 8,28 9,28 8,9 8,9 8,9 6,15 5,15 11,27 8,9 6,15 8,9 8,173 8,9 10,28 8,9 6,15 7,15 6,15 8,9 6,15 8,9 6,15 8,9 8,9 8,9 0,174 0,85 4,85 0,93 8,46 4,174 8,174 8,9 8,9 8,9 6,28 11,28 1,28 4,14 4,14 7,1 9,3 7,1 7,1 7,1 9,3 7,1 8,3 7,1 9,3 7,1 7,1 7,1 7,1 7,1 9,3 7,1 7,1 0,29 1,29 7,1 0,19 8,9 6,15 8,9 0,175 4,166 8,46 0,72 4,41 0,41 4,41 0,42 4,46 8,46 0,48 4,175 8,175 0,176 4,176 7,1 7,1 7,1 4,14 7,1 7,1 8,3 4,14 7,1 7,1 7,1 8,3 7,1 2,29 7,2 7,2 8,176 0,100 0,85 4,85 8,85 4,41
8,46 0,177 4,177 3,29 8,9 4,29 4,13 5,29 6,13 8,9 8,9 7,27 6,29 8,9 7,29 7,29 7,29 2,22 4,13 5,13 8,9 8,177 8,9 5,13 4,13 2,28 4,13 2,22 6,13 2,28 6,13 8,9 8,9 0,178 4,178 8,178 8,46 0,72 8,92 0,93 4,93 0,179 8,174 8,9 8,9 8,9 8,9 6,28 11,28 1,28 7,1 7,1 7,1 7,1 8,3 7,1 7,1 7,1 4,14 7,1 7,1 7,1 7,1 4,14 7,1 7,1 7,1 8,29 9,29 10,29 11,29 0,19 8,9 2,28 8,9 8,160 8,153 8,46 0,72 0,46 8,45 8,43 4,46 0,48 4,175 4,179 8,179 7,1 7,1 7,1 7,1 7,1 9,3 9,3 4,14 8,3 7,1 7,1 7,1 7,1 7,1 8,3 7,1 7,1 7,1 7,1 0,180 0,85 4,85 0,113 8,45 0,46
8,46 4,93 4,180 0,26 8,9 6,15 8,9 8,24 7,15 6,24 8,9 8,9 3,28 0,30 1,30 2,30 7,29 7,29 8,9 11,27 8,9 8,180 8,9 8,24 8,9 11,27 8,9 0,20 8,9 0,20 8,9 8,9 0,181 4,181 0,85 8,46 4,85 8,85 8,41 8,92 0,93 4,93 0,179 8,174 8,9 8,9 8,9 8,9 8,9 6,28 11,28 11,28 1,28 8,3 7,1 4,14 7,1 7,1 8,16 7,1 9,3 8,3 7,1 7,1 4,14 7,1 7,1 3,30 4,30 5,30 6,30 0,19 8,9 6,15 8,9 8,9 8,181 8,46 0,72 8,44 0,42 4,46 0,48 0,182 4,182 7,30 7,30 1,28 7,1 7,1 9,3 9,3 9,3 7,1 7,1 7,1 7,1 7,1 8,3 7,1 8,3 7,1 8,3 8,30 7,30 8,182 0,183 8,46 0,72 4,41 0,41 4,41
0,93 8,46 4,183 0,26 8,9 8,9 4,13 5,13 9,23 5,13 3,22 8,9 8,9 8,9 7,29 9,30 10,30 8,9 8,9 8,9 8,9 8,183 8,9 8,9 8,9 5,13 4,13 11,30 4,13 2,28 4,13 8,9 0,184 0,148 4,52 8,46 0,72 0,46 8,45 0,46 8,92 0,93 4,93 4,184 8,184 0,185 8,9 8,9 8,9 8,9 8,9 8,9 0,31 11,28 11,28 11,28 11,28 11,28 11,28 11,28 11,28 11,28 11,28 11,28 11,28 11,28 1,28 1,31 2,31 3,31 4,31 0,19 8,9 5,13 8,9 0,181 4,165 8,46 0,72 0,42 4,46 0,48 4,185 8,185 5,31 5,31 5,31 6,31 7,30 7,30 7,30 7,30 7,30 7,30 7,30 7,30 7,30 7,30 7,30 7,30 7,30 7,30 7,30 7,31 5,31 0,186 4,186 4,52 0,47 4,43 8,45 0,46
0,80 8,46 8,186 0,187 3,29 8,9 8,9 11,27 7,15 6,15 7,24 11,27 5,15 11,27 8,9 8,9 8,31 9,31 10,31 11,31 9,31 0,32 11,31 1,32 8,9 8,9 8,9 8,9 7,15 6,15 8,9 8,9 8,9 8,160 0,148 4,52 0,47 4,43 0,41 4,41 0,41 4,187 0,93 8,46 4,93 8,187 0,188 4,188 8,9 2,13 2,13 2,13 2,13 2,13 2,13 2,13 2,13 2,13 2,13 2,13 2,13 2,13 2,13 2,13 2,13 2,13 2,32 3,32 4,32 5,32 6,32 7,32 8,9 8,9 8,9 8,188 0,85 4,85 0,189 4,46 0,48 4,185 4,189 5,31 5,31 8,32 5,31 5,31 5,31 5,31 5,31 5,31 5,31 5,31 5,31 5,31 5,31 5,31 5,31 5,31 5,31 5,31 5,31 5,31 5,31 5,31 8,189 4,186 4,52 0,47 4,43 4,41
8,92 0,93 4,93 0,190 0,26 8,9 8,9 5,13 3,22 5,13 9,23 2,28 4,13 2,22 9,32 8,9 8,9 8,9 8,9 8,9 8,9 8,9 4,190 10,32 11,32 0,30 0,33 8,9 4,13 2,28 4,13 2,28 8,9 8,9 8,190 8,159 8,46 0,72 8,45 0,46 0,45 0,46 8,92 4,120 0,93 8,46 4,93 0,191 4,191 8,191 0,192 2,13 2,13 2,13 2,13 2,13 2,13 2,13 2,13 2,13 2,13 3,13 4,13 3,13 4,13 2,13 9,27 9,27 6,27 6,27 6,27 6,27 8,9 8,9 4,192 8,192 8,46 0,72 0,80 8,46 0,193 4,193 5,31 5,31 1,33 2,33 1,33 5,31 5,31 5,31 5,31 5,31 1,33 2,33 1,33 2,33 1,33 2,33 3,33 4,33 1,33 2,33 5,33 6,33 1,33 5,31 5,31 8,193 0,194 8,46 0,72 4,45
0,41 0,80 8,46 0,177 4,194 3,29 8,9 8,9 5,15 11,27 10,27 8,24 7,15 0,20 6,27 6,24 8,9 11,27 8,9 11,27 7,15 7,29 8,194 7,29 7,29 7,29 7,33 8,9 5,15 10,28 7,24 5,24 8,9 8,9 8,9 0,195 8,46 0,72 0,41 4,41 0,41 4,41 0,41 4,41 8,92 8,101 0,93 8,46 8,46 4,93 8,187 4,195 8,195 0,196 4,196 8,195 8,196 0,197 2,13 4,197 2,13 2,13 2,13 8,15 2,13 8,15 8,9 10,28 7,24 11,27 8,9 8,9 8,9 8,197 4,181 0,85 4,85 8,85 4,96 8,46 0,198 5,31 5,31 8,32 5,31 8,33 5,31 5,31 4,198 8,198 0,199 5,31 5,31 9,33 5,31 8,32 10,33 8,32 5,31 8,32 11,33 9,33 11,33 8,32 11,33 8,32 5,31 5,31 4,199 8,46 0,72 4,41
8,45 0,80 8,46 8,157 8,199 0,200 3,29 8,9 8,9 8,9 0,34 5,13 6,13 4,29 4,13 5,13 1,34 5,13 4,13 2,34 5,28 8,9 4,200 7,29 3,34 10,27 8,9 8,9 4,13 5,13 4,13 2,22 4,13 8,9 4,34 8,200 4,52 0,47 4,43 0,46 8,45 0,46 4,47 0,46 8,45 8,47 8,92 0,123 8,101 0,93 8,46 8,46 8,46 8,46 8,46 8,46 4,93 4,184 0,201 4,201 0,188 8,201 8,9 8,9 8,9 8,9 8,9 8,9 8,9 8,9 8,9 0,202 4,202 8,202 0,85 4,85 8,85 0,42 4,46 0,48 0,203 5,31 1,33 2,33 1,33 5,31 5,31 4,203 8,203 0,204 4,204 8,204 5,31 5,31 1,33 2,33 3,33 2,33 1,33 2,33 3,33 2,33 1,33 2,33 1,33 2,33 1,33 5,31 0,205 4,52 0,47 4,43
0,41 0,80 8,46 8,156 4,205 5,34 6,34 8,13 6,17 8,9 8,9 6,24 5,15 11,27 5,15 6,15 8,9 10,28 8,9 7,34 7,15 8,9 8,205 8,9 7,24 8,34 5,15 11,27 9,34 6,15 9,34 6,15 8,9 8,9 10,11 0,206 4,206 8,46 0,72 4,41 0,41 4,41 0,41 4,41 0,41 4,44 0,41 4,41 0,41 4,187 8,101 8,101 4,120 8,101 4,120 8,101 0,93 8,46 8,46 8,46 4,93 0,191 8,206 0,207 4,207 4,188 8,9 8,207 0,208 0,207 4,208 8,208 0,85 8,46 4,85 8,85 0,41 4,163 8,46 0,209 4,209 5,31 5,31 8,33 5,31 5,31 8,209 0,210 4,210 8,210 4,210 0,211 4,211 5,31 5,31 8,33 5,31 8,32 11,33 8,32 5,31 8,32 5,31 8,32 5,31 9,33 5,31 5,31 8,211 0,194 8,46 4,83
4,47 0,80 8,46 0,212 9,13 9,13 11,17 9,17 10,34 6,17 8,9 2,28 4,13 11,34 4,13 2,28 6,13 2,28 1,34 8,9 8,9 8,9 4,212 8,9 4,13 5,13 4,13 7,17 6,13 5,13 9,23 5,13 9,23 8,9 8,9 0,35 8,212 8,46 0,72 0,46 8,45 0,46 8,45 0,46 8,45 4,45 8,45 0,46 8,45 0,46 8,45 0,46 8,45 0,46 8,45 0,46 8,92 8,101 8,101 8,101 0,93 8,46 8,46 8,46 4,93 0,191 0,213 8,208 0,85 8,46 8,46 8,46 4,85 0,123 0,113 0,46 8,45 0,80 8,46 4,213 5,31 5,31 1,33 2,33 1,33 5,31 5,31 8,213 0,214 0,204 4,214 8,214 5,31 5,31 1,33 6,33 1,33 2,33 1,33 2,33 1,33 2,33 1,33 2,33 3,33 2,33 1,33 5,31 5,31 0,215 8,46 0,72
0,42 4,46 0,48 4,215 9,13 9,15 1,35 9,15 9,13 2,35 8,9 6,24 8,9 6,15 8,9 8,9 8,9 8,9 8,9 8,9 7,13 8,215 0,216 8,9 8,9 8,9 5,15 6,15 5,15 11,27 7,15 6,15 8,9 8,9 4,34 4,216 8,216 8,46 0,72 4,41 0,41 4,41 0,41 4,41 8,41 8,44 0,41 4,41 0,41 4,41 0,41 4,41 0,41 4,41 0,41 4,41 0,41 4,41 8,41 0,42 4,46 8,46 8,46 8,46 8,46 8,46 8,46 8,46 4,85 0,123 8,101 0,123 8,85 8,44 0,44 4,41 0,41 0,80 8,46 0,217 4,217 5,31 5,31 8,32 5,31 8,32 5,31 5,31 8,217 0,218 4,218 5,31 5,31 8,32 11,33 8,32 5,31 5,31 5,31 5,31 5,31 5,31 5,31 5,31 11,33 9,33 5,31 5,31 8,218 0,219 8,46 0,72
0,80 8,46 4,170 4,219 3,35 9,17 11,17 9,17 4,35 5,35 8,9 2,28 4,13 8,9 8,9 8,9 7,13 8,13 8,13 8,13 9,13 8,219 10,34 8,13 6,17 8,9 8,9 6,27 1,34 5,13 6,13 6,35 7,35 8,9 0,35 0,220 0,85 4,85 8,85 8,47 8,45 0,46 8,45 0,46 4,47 0,42 4,42 4,42 4,42 4,43 8,45 0,46 4,47 0,46 8,45 0,46 8,45 0,46 0,42 4,46 8,46 8,46 8,46 8,46 8,46 8,46 4,85 8,101 8,85 0,46 0,45 0,46 8,45 0,46 8,45 0,46 8,45 4,187 0,93 4,93 4,220 5,31 1,33 6,33 3,33 2,33 3,33 5,31 5,31 5,31 5,31 5,31 1,33 6,33 3,33 4,33 1,33 5,31 4,203 8,220 8,198 0,221 4,221 5,31 1,33 2,33 1,33 5,31 8,221 0,85 4,85 0,113
0,80 8,46 0,222 7,11 8,35 10,12 10,12 10,12 5,35 8,9 8,9 10,28 8,9 8,9 7,13 8,13 9,13 9,15 9,13 9,15 9,13 4,222 9,13 9,35 10,34 8,13 6,17 8,9 10,35 11,35 0,36 6,15 8,9 8,9 0,35 8,222 8,46 0,72 0,44 4,44 8,41 4,41 8,41 0,42 8,42 4,46 8,46 8,46 8,46 0,47 4,42 4,43 0,41 4,41 0,41 4,41 0,41 8,43 4,46 0,48 0,223 4,223 8,131 0,132 4,132 4,52 0,47 4,43 0,41 4,41 0,41 4,41 0,41 4,41 0,41 4,41 0,41 4,41 4,96 8,46 8,223 5,31 5,31 8,32 5,31 9,33 5,31 8,32 5,31 9,33 5,31 8,32 5,31 8,33 5,31 8,33 5,31 5,31 0,224 8,210 4,210 8,210 4,224 5,31 5,31 9,33 5,31 5,31 8,224 8,46 0,72 4,41
0,80 8,46 0,225 4,225 0,26 8,9 8,9 8,9 8,9 8,9 1,34 5,13 8,9 8,9 8,17 9,17 11,17 9,17 10,17 1,36 9,13 8,225 9,13 9,17 11,17 2,36 2,35 8,9 7,35 3,36 4,36 5,36 8,9 4,34 0,226 8,216 8,46 0,72 8,45 0,46 8,45 0,46 0,42 4,46 8,46 0,48 0,125 4,125 8,124 4,52 8,46 0,47 4,43 0,46 8,45 0,46 8,45 0,80 8,46 0,160 4,226 8,9 8,9 8,9 8,226 0,227 8,46 0,72 8,45 4,45 8,45 0,46 0,45 0,46 8,45 0,46 8,45 8,47 4,96 8,46 0,217 4,227 5,31 5,31 1,33 2,33 1,33 6,33 1,33 2,33 1,33 5,31 5,31 5,31 5,31 5,31 1,33 5,31 8,227 0,228 4,228 8,228 4,218 5,31 1,33 5,31 5,31 0,229 0,219 8,46 0,133 0,46
8,92 0,93 4,93 4,180 0,26 8,9 8,9 6,15 8,9 11,27 11,25 6,15 8,9 6,36 2,20 9,15 9,13 9,15 9,13 7,36 9,13 4,229 9,13 9,15 1,35 9,15 2,35 8,9 8,36 9,36 10,36 11,36 8,9 8,229 0,230 0,85 4,85 8,85 0,41 4,44 0,41 0,42 4,46 0,48 0,223 4,230 8,230 8,9 0,128 0,231 4,132 4,52 0,47 8,42 4,42 4,42 0,43 4,231 8,46 8,231 8,9 8,9 8,9 8,9 8,9 0,232 8,46 0,72 0,41 4,41 0,41 4,41 0,41 4,41 0,41 8,44 0,41 4,41 8,92 0,93 4,93 4,232 8,232 5,31 5,31 8,32 5,31 8,32 11,33 8,32 5,31 5,31 0,233 4,233 0,199 5,31 5,31 5,31 5,31 5,31 5,31 5,31 5,31 5,31 5,31 5,31 8,233 0,234 0,85 4,85 8,85 4,41
8,45 0,80 8,46 4,234 0,26 8,9 8,9 5,13 4,13 5,13 1,34 2,22 8,9 8,9 8,17 9,17 10,17 9,17 11,17 9,13 9,13 8,234 9,13 9,13 9,13 9,13 0,37 1,37 1,37 2,37 2,37 0,235 4,235 8,235 0,85 4,85 8,85 4,45 8,45 0,46 0,45 0,80 8,46 8,143 0,236 8,9 8,9 4,15 8,9 8,9 8,226 4,151 4,52 8,46 8,46 8,46 8,46 8,46 8,46 4,174 4,236 8,9 8,9 8,9 8,236 4,166 8,46 0,72 8,45 0,46 8,45 0,46 8,45 0,46 8,45 0,46 8,45 0,46 4,47 8,92 0,93 4,93 0,237 4,237 5,31 5,31 1,33 2,33 1,33 6,33 3,33 5,31 8,237 0,204 0,238 5,31 1,33 2,33 1,33 2,33 1,33 2,33 1,33 5,31 5,31 4,238 8,238 0,85 4,85 8,85 8,45 0,46
0,41 4,163 8,46 0,225 0,239 3,29 8,9 8,9 8,9 11,27 5,15 6,15 8,9 8,9 1,20 10,12 2,20 9,15 9,13 9,13 4,239 8,239 0,240 4,240 8,240 0,241 5,34 4,241 8,241 0,242 4,242 8,242 0,85 8,46 4,85 8,85 0,41 4,41 8,41 4,41 0,41 4,163 8,46 0,243 8,9 8,9 6,36 3,37 10,19 8,9 8,9 4,243 8,243 0,244 0,143 4,244 4,142 8,134 8,244 4,93 8,187 0,245 4,245 8,245 8,208 0,85 4,85 8,85 0,41 4,41 8,41 4,41 0,41 4,41 0,41 4,41 0,41 4,41 0,41 4,41 8,92 0,93 4,93 4,232 0,246 5,31 5,31 5,31 5,31 8,32 5,31 5,31 4,246 8,246 0,247 5,31 5,31 8,32 5,31 8,32 11,33 5,31 5,31 5,31 4,238 8,238 0,85 4,85 8,85 4,41 0,41 4,41
0,45 8,92 0,93 4,93 4,247 8,247 1,37 3,29 8,9 8,9 8,9 8,9 8,9 8,9 8,9 8,9 4,37 3,35 9,13 0,248 4,248 0,85 8,46 8,46 4,93 8,248 0,249 4,249 0,85 8,46 8,46 8,46 4,85 0,123 8,85 0,46 8,45 0,46 8,45 0,46 8,45 0,80 8,46 4,174 8,249 8,9 8,9 5,37 8,9 8,9 0,250 4,250 8,250 8,9 8,9 8,9 8,9 8,9 0,251 4,52 8,46 8,46 8,46 8,46 8,46 4,85 8,85 0,46 8,45 0,46 0,45 4,45 8,45 0,46 0,45 0,46 8,45 0,46 4,47 0,46 8,45 8,92 0,93 4,93 4,251 8,251 0,252 5,31 5,31 5,31 5,31 5,31 5,31 5,31 5,31 5,31 1,33 6,33 5,31 5,31 5,31 5,31 4,252 8,252 0,253 0,85 4,85 0,113 8,45 0,46 4,47 0,46
0,41 4,41 8,92 0,93 4,93 4,253 8,253 0,254 1,37 1,37 1,37 3,29 8,9 4,34 1,37 1,37 7,11 4,254 8,254 0,255 0,85 4,85 8,101 8,101 0,93 8,46 8,46 8,46 4,85 8,101 8,101 8,101 8,85 4,41 0,41 4,41 0,41 4,41 0,41 4,41 0,41 8,92 0,93 4,93 0,191 4,255 0,185 8,9 8,255 0,256 4,256 8,256 0,158 8,9 8,9 11,27 8,9 8,9 0,257 4,257 8,131 8,126 8,257 0,258 8,46 0,72 0,41 4,41 0,41 8,44 0,41 4,41 8,41 4,41 0,41 4,41 0,41 4,41 0,41 4,41 0,44 4,41 4,117 0,93 8,46 4,93 4,258 8,258 0,259 4,259 5,31 5,31 5,31 5,31 5,31 5,31 5,31 5,31 5,31 8,259 0,260 4,260 0,253 0,85 8,46 4,85 8,85 4,41 0,41 4,41 0,41 8,44
8,45 0,46 4,47 8,92 0,93 8,46 4,93 8,260 0,261 0,242 4,261 8,261 1,37 0,262 4,262 0,242 4,242 8,242 0,85 8,46 4,85 8,85 8,45 0,46 8,92 8,101 8,101 8,101 8,85 0,46 8,45 0,46 8,45 0,46 8,45 0,46 8,45 0,46 8,45 0,46 8,45 0,46 8,92 0,93 8,46 4,93 8,187 8,262 8,202 0,263 4,263 8,263 0,264 8,9 8,9 8,9 8,9 8,9 8,9 8,9 8,9 8,9 8,9 4,264 8,46 0,72 8,45 0,46 8,45 0,46 8,45 0,46 8,45 0,46 8,45 0,46 8,45 0,46 8,45 0,46 8,45 0,46 8,45 8,92 8,101 0,93 8,46 8,46 4,93 4,258 8,264 0,265 0,265 4,265 8,265 0,266 0,265 0,265 4,266 8,266 0,85 8,46 8,46 4,85 8,101 8,85 4,47 0,46 8,45 0,46 8,45 0,46
0,41 4,44 0,41 4,41 8,92 8,101 0,93 8,46 8,46 8,46 4,93 0,267 4,267 8,242 0,85 8,46 8,46 8,46 4,85 8,101 8,85 4,41 0,41 4,41 0,44 4,41 8,41 8,44 0,41 4,41 0,41 4,41 8,41 4,41 0,41 4,41 0,41 4,41 0,41 4,41 0,41 4,41 0,41 4,187 8,101 0,93 8,46 8,46 8,46 8,267 0,268 8,9 4,268 8,268 0,269 4,196 4,269 8,269 8,9 6,36 6,36 10,19 8,9 0,270 8,46 0,133 0,41 4,41 0,44 4,41 0,41 4,41 0,41 4,41 0,41 4,41 0,41 4,41 0,41 4,41 8,41 4,41 0,41 4,41 0,44 8,92 8,101 8,101 0,93 8,46 8,46 8,46 8,46 8,46 8,46 8,46 8,46 8,46 8,46 8,46 4,85 8,101 8,101 8,85 0,41 4,41 0,41 8,44 0,41 4,41 0,41 4,41
8,45 0,46 8,45 0,46 8,45 8,47 8,92 8,101 8,101 8,101 0,93 8,46 8,46 8,46 4,85 4,120 8,101 8,101 8,85 0,46 8,45 0,46 8,45 0,46 8,45 0,46 8,45 0,46 8,45 0,46 8,45 0,46 8,45 0,46 8,45 0,46 8,45 0,46 8,45 0,46 8,45 0,46 8,45 0,46 8,45 8,92 8,101 0,93 8,46 4,270 8,9 8,9 8,9 8,270 0,85 8,46 4,93 0,271 8,9 8,9 8,9 8,9 8,9 4,271 8,46 0,72 8,45 0,46 8,45 0,46 0,45 0,46 8,45 0,46 8,45 0,46 8,45 0,46 0,45 8,47 8,45 0,46 8,45 0,46 8,45 0,46 8,45 0,46 8,92 8,101 4,120 8,101 8,101 8,101 8,101 8,101 8,101 8,101 8,101 8,101 8,85 0,46 8,45 0,46 4,47 0,46 8,45 0,46 8,45 0,46 8,45 0,46
0,41 4,44 0,41 4,41 0,41 4,41 8,41 4,44 0,41 4,41 8,92 8,101 8,101 8,101 0,113 8,44 0,44 4,41 0,41 4,41 0,41 4,41 0,41 4,41 0,41 4,41 0,41 4,41 0,41 4,41 0,41 4,41 0,41 4,41 0,41 4,41 0,41 4,41 8,41 4,41 0,44 4,41 0,41 4,41 0,41 4,41 0,41 0,80 8,46 8,271 0,272 8,9 4,272 4,166 8,46 8,46 8,46 8,272 0,273 0,207 0,207 4,196 4,273 8,273 8,46 0,72 0,41 4,41 0,41 4,44 0,41 8,44 0,41 4,41 0,41 4,41 0,41 4,41 0,41 4,41 0,41 4,41 0,41 4,41 0,41 4,41 0,41 4,41 0,41 4,44 0,41 4,41 8,41 4,41 0,41 4,41 0,41 4,41 0,41 4,41 0,41 4,41 0,41 4,41 0,41 4,41 8,41 4,41 0,41 4,41 0,41 4,44
8,45 4,45 8,45 4,45 8,45 0,46 8,45 8,47 8,45 0,46 8,45 0,46 8,45 0,46 8,45 0,46 8,45 0,46 4,47 0,46 4,47 0,46 8,45 0,46 8,45 0,46 8,45 0,46 8,45 0,46 8,45 8,47 8,45 8,47 8,45 0,46 8,45 0,46 8,45 0,46 4,47 0,46 8,45 0,46 8,45 0,46 8,45 8,92 0,93 4,93 8,187 0,274 8,235 0,85 4,85 4,120 0,93 8,46 8,46 8,46 8,46 8,46 8,46 8,46 4,85 8,85 8,45 0,46 8,45 4,45 8,45 0,46 8,45 0,46 8,45 0,46 8,45 0,46 4,47 0,46 4,47 0,46 8,45 4,45 8,45 0,46 8,45 8,47 8,45 0,46 8,45 0,46 8,45 0,46 8,45 0,46 4,47 0,46 8,45 4,45 8,45 0,46 8,45 0,46 8,45 0,46 8,45 0,46 8,45 0,46 8,45 0,46
0,41 4,41 0,41 4,41 0,41 4,41 0,41 4,44 0,41 4,41 0,41 4,41 0,41 4,41 0,41 8,44 0,44 4,41 0,44 4,41 0,41 4,41 0,41 4,41 0,41 4,41 8,41 4,41 0,44 4,41 0,41 4,41 0,41 4,41 0,41 4,41 0,41 4,41 0,41 4,41 0,41 4,41 0,41 4,41 0,41 4,41 0,41 4,41 0,80 8,46 8,46 8,46 8,46 8,46 0,72 4,41 8,92 8,101 8,101 4,120 0,123 8,101 0,123 4,120 8,85 4,41 0,41 4,41 0,41 8,44 0,41 4,41 0,41 4,41 0,41 4,41 0,41 4,41 0,41 4,41 0,41 4,41 0,41 4,41 0,41 4,41 8,41 8,44 8,41 8,44 0,41 8,44 0,41 4,41 0,41 4,41 0,41 4,41 0,41 4,41 0,41 4,41 0,41 4,41 0,41 4,41 0,41 4,41 0,41 4,41 8,41 8,44
layer upper
- - - - - - - - - - - - - - - - - - - - - - - - - - - - - - - - - - - - - - - - - - - - - - - - - - - - - - - - - - - - - - - - - - - - - - - - - - - - - - - - - - - - - - - - - - - - - - - - - - - - - - - - - - - - - - - -
- - - - - - - - - - - - - - - - - - - - - - - - - - - - - - - - - - - - - - - - - - - - - - - - - - - - - - - - - - - - - - - - - - - - - - - - - - - - - - - - - - - - - - - - - - - - - - - - - - - - - - - - - - - - - - - -
- - - - - - - - - - - - - - - - - - - - - - - - - - - - - - - - - - - - - - - - - - - - - - - - - - - - - - - - - - - - - - - - - - - - - - - - - - - - - - - - - - - - - - - - - - - - - - - - - - - - - - - - - - - - - - - -
- - - - - - - - - - - - - - - - - - - - - - - - - - - - - - - - - - - - - - - - - - - - - - - - - - - - - - - - - - - - - - - - - - - - - - - - - - - - - - - - - - - - - - - - - - - - - - - - - - - - - - - - - - - - - - - -
- - - - - - - - - - - - - - - - - - - - - - - - - - - - - - - - - - - - - - - - - - - - - - - - - - - - - - - - - - - - - - - - - - - - - - - - - - - - - - - - - - - - - - - - - - - - - - - - - - - - - - - - - - - - - - - -
- - - - - - - - - - - - - - - - - - - - - - - - - - - - - - - - - - - - - - - - - - - - - - - - - - - - - - - - - - - - - - - - - - - - - - - - - - - - - - - - - - - - - - - - - - - - - - - - - - - - - - - - - - - - - - - -
- - - - - - - - - - - - - - - - - - - - - - - - - - - - - - - - - - - - - - - - - - - - - - - - - - - - - - - - - - - - - - - - - - - - - - - - - - - - - - - - - - - - - - - - - - - - - - - - - - - - - - - - - - - - - - - -
- - - - - - - - - - - - - - - - - - - - - - - - - - - - - - - - - - - - - - - - - - - - - - - - - - - - - - - - - - - - - - - - - - - - - - - - - - - - - - - - - - - - - - - - - - - - - - - - - - - - - - - - - - - - - - - -
- - - - - - - - - - - - - - - - - - - - - - - - - - - - - - - - - - - - - - - - - - - - - - - - - - - - - - - - - - - - - - - - - - - - - - - - - - - - - - - - - - - - - - - - - - - - - - - - - - - - - - - - - - - - - - - -
- - - - - - - - - - - - - - - - - - - - - - - - - - - - - - - - - - - - - - - - - - - - - - - - - - - - - - - - - - - - - - - - - - - - - - - - - - - - - - - - - - - - - - - - - - - - - - - - - - - - - - - - - - - - - - - -
- - - - - - - - - - - - - - - - - - - - - - - - - - - - - - - - - - - - - - - - - - - - - - - - - - - - - - - - - - - - - - - - - - - - - - - - - - - - - - - - - - - - - - - - - - - - - - - - - - - - - - - - - - - - - - - -
- - - - - - - - - - - - - - - - - - - - - - - - - - - - - - - - - - - - - - - - - - - - - - - - - - - - - - - - - - - - - - - - - - - - - - - - - - - - - - - - - - - - - - - - - - - - - - - - - - - - - - - - - - - - - - - -
- - - - - - - - - - - - - - - - - - - - - - - - - - - - - - - - - - - - - - - - - - - - - - - - - - - - - - - - - - - - - - - - - - - - - - - - - - - - - - - - - - - - - - - - - - - - - - - - - - - - - - - - - - - - - - - -
- - - - - - - - - - - - - - - - - - - - - - - - - - - - - - - - - - - - - - - - - - - - - - - - - - - - - - - - - - - - - - - - - - - - - - - - - - - - - - - - - - - - - - - - - - - - - - - - - - - - - - - - - - - - - - - -
- - - - - - - - - - - - - - - - - - - - - - - - - - - - - - - - - - - - - - - - - - - - - - - - - - - - - - - - - - - - - - - - - - - - - - - - - - - - - - - - - - - - - - - - - - - - - - - - - - - - - - - - - - - - - - - -
- - - - - - - - - - - - - - - - - - - - - - - - - - - - - - - - - - - - - - - - - - - - - - - - - - - - - - - - - - - - - - - - - - - - - - - - - - - - - - - - - - - - - - - - - - - - - - - - - - - - - - - - - - - - - - - -
- - - - - - - - - - - - - - - - - - - - - - - - - - - - - - - - - - - - - - - - - - - - - - - - - - - - - - - - - - - - - - - - - - - - - - - - - - - - - - - - - - - - - - - - - - - - - - - - - - - - - - - - - - - - - - - -
- - - - - - - - - - - - - - - - - - - - - - - - - - - - - - - - - - - - - - - - - - - - - - - - - - - - - - - - - - - - - - - - - - - - - - - - - - - - - - - - - - - - - - - - - - - - - - - - - - - - - - - - - - - - - - - -
- - - - - - - - - - - - - - - - - - - - - - - - - - - - - - - - - - - - - - - - - - - - - - - - - - - - - - - - - - - - - - - - - - - - - - - - - - - - - - - - - - - - - - - - - - - - - - - - - - - - - - - - - - - - - - - -
- - - - - - - - - - - - - - - - - - - - - - - - - - - - - - - - - - - - - - - - - - - - - - - - - - - - - - - - - - - - - - - - - - - - - - - - - - - - - - - - - - - - - - - - - - - - - - - - - - - - - - - - - - - - - - - -
- - - - - - - - - - - - - - - - - - - - - - - - - - - - - - - - - - - - - - - - - - - - - - - - - - - - - - - - - - - - - - - - - - - - - - - - - - - - - - - - - - - - - - - - - - - - - - - - - - - - - - - - - - - - - - - -
- - - - - - - - - - - - - - - - - - - - - - - - - - - - - - - - - - - - - - - - - - - - - - - - - - - - - - - - - - - - - - - - - - - - - - - - - - - - - - - - - - - - - - - - - - - - - - - - - - - - - - - - - - - - - - - -
- - - - - - - - - - - - - - - - - - - - - - - - - - - - - - - - - - - - - - - - - - - - - - - - - - - - - - - - - - - - - - - - - - - - - - - - - - - - - - - - - - - - - - - - - - - - - - - - - - - - - - - - - - - - - - - -
- - - - - - - - - - - - - - - - - - - - - - - - - - - - - - - - - - - - - - - - - - - - - - - - - - - - - - - - - - - - - - - - - - - - - - - - - - - - - - - - - - - - - - - - - - - - - - - - - - - - - - - - - - - - - - - -
- - - - - - - - - - - - - - - - - - - - - - - - - - - - - - - - - - - - - - - - - - - - - - - - - - - - - - - - - - - - - - - - - - - - - - - - - - - - - - - - - - - - - - - - - - - - - - - - - - - - - - - - - - - - - - - -
- - - - - - - - - - - - - - - - - - - - - - - - - - - - - - - - - - - - - - - - - - - - - - - - - - - - - - - - - - - - - - - - - - - - - - - - - - - - - - - - - - - - - - - - - - - - - - - - - - - - - - - - - - - - - - - -
- - - - - - - - - - - - - - - - - - - - - - - - - - - - - - - - - - - - - - - - - - - - - - - - - - - - - - - - - - - - - - - - - - - - - - - - - - - - - - - - - - - - - - - - - - - - - - - - - - - - - - - - - - - - - - - -
- - - - - - - - - - - - - - - - - - - - - - - - - - - - - - - - - - - - - - - - - - - - - - - - - - - - - - - - - - - - - - - - - - - - - - - - - - - - - - - - - - - - - - - - - - - - - - - - - - - - - - - - - - - - - - - -
- - - - - - - - - - - - - - - - - - - - - - - - - - - - - - - - - - - - - - - - - - - - - - - - - - - - - - - - - - - - - - - - - - - - - - - - - - - - - - - - - - - - - - - - - - - - - - - - - - - - - - - - - - - - - - - -
- - - - - - - - - - - - - - - - - - - - - - - - - - - - - - - - - - - - - - - - - - - - - - - - - - - - - - - - - - - - - - - - - - - - - - - - - - - - - - - - - - - - - - - - - - - - - - - - - - - - - - - - - - - - - - - -
- - - - - - - - - - - - - - - - - - - - - - - - - - - - - - - - - - - - - - - - - - - - - - - - - - - - - - - - - - - - - - - - - - - - - - - - - - - - - - - - - - - - - - - - - - - - - - - - - - - - - - - - - - - - - - - -
- - - - - - - - - - - - - - - - - - - - - - - - - - - - - - - - - - - - - - - - - - - - - - - - - - - - - - - - - - - - - - - - - - - - - - - - - - - - - - - - - - - - - - - - - - - - - - - - - - - - - - - - - - - - - - - -
- - - - - - - - - - - - - - - - - - - - - - - - - - - - - - - - - - - - - - - - - - - - - - - - - - - - - - - - - - - - - - - - - - - - - - - - - - - - - - - - - - - - - - - - - - - - - - - - - - - - - - - - - - - - - - - -
- - - - - - - - - - - - - - - - - - - - - - - - - - - - - - - - - - - - - - - - - - - - - - - - - - - - - - - - - - - - - - - - - - - - - - - - - - - - - - - - - - - - - - - - - - - - - - - - - - - - - - - - - - - - - - - -
- - - - - - - - - - - - - - - - - - - - - - - - - - - - - - - - - - - - - - - - - - - - - - - - - - - - - - - - - - - - - - - - - - - - - - - - - - - - - - - - - - - - - - - - - - - - - - - - - - - - - - - - - - - - - - - -
- - - - - - - - - - - - - - - - - - - - - - - - - - - - - - - - - - - - - - - - - - - - - - - - - - - - - - - - - - - - - - - - - - - - - - - - - - - - - - - - - - - - - - - - - - - - - - - - - - - - - - - - - - - - - - - -
- - - - - - - - - - - - - - - - - - - - - - - - - - - - - - - - - - - - - - - - - - - - - - - - - - - - - - - - - - - - - - - - - - - - - - - - - - - - - - - - - - - - - - - - - - - - - - - - - - - - - - - - - - - - - - - -
- - - - - - - - - - - - - - - - - - - - - - - - - - - - - - - - - - - - - - - - - - - - - - - - - - - - - - - - - - - - - - - - - - - - - - - - - - - - - - - - - - - - - - - - - - - - - - - - - - - - - - - - - - - - - - - -
- - - - - - - - - - - - - - - - - - - - - - - - - - - - - - - - - - - - - - - - - - - - - - - - - - - - - - - - - - - - - - - - - - - - - - - - - - - - - - - - - - - - - - - - - - - - - - - - - - - - - - - - - - - - - - - -
- - - - - - - - - - - - - - - - - - - - - - - - - - - - - - - - - - - - - - - - - - - - - - - - - - - - - - - - - - - - - - - - - - - - - - - - - - - - - - - - - - - - - - - - - - - - - - - - - - - - - - - - - - - - - - - -
- - - - - - - - - - - - - - - - - - - - - - - - - - - - - - - - - - - - - - - - - - - - - - - - - - - - - - - - - - - - - - - - - - - - - - - - - - - - - - - - - - - - - - - - - - - - - - - - - - - - - - - - - - - - - - - -
- - - - - - - - - - - - - - - - - - - - - - - - - - - - - - - - - - - - - - - - - - - - - - - - - - - - - - - - - - - - - - - - - - - - - - - - - - - - - - - - - - - - - - - - - - - - - - - - - - - - - - - - - - - - - - - -
- - - - - - - - - - - - - - - - - - - - - - - - - - - - - - - - - - - - - - - - - - - - - - - - - - - - - - - - - - - - - - - - - - - - - - - - - - - - - - - - - - - - - - - - - - - - - - - - - - - - - - - - - - - - - - - -
- - - - - - - - - - - - - - - - - - - - - - - - - - - - - - - - - - - - - - - - - - - - - - - - - - - - - - - - - - - - - - - - - - - - - - - - - - - - - - - - - - - - - - - - - - - - - - - - - - - - - - - - - - - - - - - -
- - - - - - - - - - - - - - - - - - - - - - - - - - - - 6,37 7,37 8,37 9,37 - - - - - - - - - - - - - - - - - - - - - - - - - - - - - - - - - - - - - - - - - - - - - - - - - - - - - - - - - - - - - - - - - - - - - - - - - - - - - - - -
- - - - - - - - - - - - - - - - - - - - - - - - - - - 10,37 11,37 0,38 1,38 2,38 3,38 - - - - - - - - - - - - - - - - - - - - - - - - - - - - - - - - - - - - - - - - - - - - - - - - - - - - - - - - - - - - - - - - - - - - - - - - - - - - - - -
- - - - - - - - - - - - - - - - - - - - - - - - - - - 4,38 5,38 6,38 7,38 8,38 9,38 - - - - - - - - - - - - - - - - - - - - - - - - - - - - - - - - - - - - - - - - - - - - - - - - - - - - - - - - - - - - - - - - - - - - - - - - - - - - - - -
- - - - - - - - - - - - - - - - - - - - - - - - - - - 10,38 11,38 0,39 1,39 2,39 3,39 - - - - - - - - - - - - - - - - - - - - - - - - - - - - - - - - - - - - - - - - - - - - - - - - - - - - - - - - - - - - - - - - - - - - - - - - - - - - - - -
- - - - - - - - - - - - - - - - - - - - - - - - - - - 4,39 5,39 6,39 7,39 8,39 9,39 - - - - - - - - - - - - - - - - - - - - - - - - - - - - - - - - - - - - - - - - - - - - - - - - - - - - - - - - - - - - - - - - - - - - - - - - - - - - - - -
- - - - - - - - - - - - - - - - - - - - - - - - - - - - 10,39 11,39 0,40 - - - - - - - - - - - - - - - - - - - - - - - - - - - - - - - - - - - - - - - - - - - - - - - - - - - - - - - - - - - - - - - - - - - - - - - - - - - - - - - - -
- - - - - - - - - - - - - - - - - - - - - - - - - - - - 1,40 2,40 3,40 - - - - - - - - - - - - - - - - - - - - - - - - - - - - - - - - - - - - - - - - - - - - - - - - - - - - - - - - - - - - - - - - - - - - - - - - - - - - - - - - -
- - - - - - - - - - - - - - - - - - - - - - - - - - - - - - - - - - - - - - - - - - - - - - - - - - - - - - - - - - - - - - - - - - - - - - - - - - - - - - - - - - - - - - - - - - - - - - - - - - - - - - - - - - - - - - - -
- - - - - - - - - - - - - - - - - - - - - - - - - - - - - - - - - - - - - - - - - - - - - - - - - - - - - - - - - - - - - - - - - - - - - - - - - - - - - - - - - - - - - - - - - - - - - - - - - - - - - - - - - - - - - - - -
- - - - - - - - - - - - - - - - - - - - - - - - - - - - - - - - - - - - - - - - - - - - - - - - - - - - - - - - - - - - - - - - - - - - - - - - - - - - - - - - - - - - - - - - - - - - - - - - - - - - - - - - - - - - - - - -
- - - - - - - - - - - - - - - - - - - - - - - - - - - - - - - - - - - - - - - - - - - - - - - - - - - - - - - - - - - - - - - - - - - - - - - - - - - - - - - - - - - - - - - - - - - - - - - - - - - - - - - - - - - - - - - -
- - - - - - - - - - - - - - - - - - - - - - - - - - - - - - - - - - - - - - - - - - - - - - - - - - - - - - - - - - - - - - - - - - - - - - - - - - - - - - - - - - - - - - - - - - - - - - - - - - - - - - - - - - - - - - - -
- - - - - - - - - - - - - - - - - - - - - - - - - - - - - - - - - - - - - - - - - - - - - - - - - - - - - - - - - - - - - - - - - - - - - - - - - - - - - - - - - - - - - - - - - - - - - - - - - - - - - - - - - - - - - - - -
- - - - - - - - - - - - - - - - - - - - - - - - - - - - - - - - - - - - - - - - - - - - - - - - - - - - - - - - - - - - - - - - - - - - - - - - - - - - - - - - - - - - - - - - - - - - - - - - - - - - - - - - - - - - - - - -
- - - - - - - - - - - - - - - - - - - - - - - - - - - - - - - - - - - - - - - - - - - - - - - - - - - - - - - - - - - - - - - - - - - - - - - - - - - - - - - - - - - - - - - - - - - - - - - - - - - - - - - - - - - - - - - -
- - - - - - - - - - - - - - - - - - - - - - - - - - - - - - - - - - - - - - - - - - - - - - - - - - - - - - - - - - - - - - - - - - - - - - - - - - - - - - - - - - - - - - - - - - - - - - - - - - - - - - - - - - - - - - - -
- - - - - - - - - - - - - - - - - - - - - - - - - - - - - - - - - - - - - - - - - - - - - - - - - - - - - - - - - - - - - - - - - - - - - - - - - - - - - - - - - - - - - - - - - - - - - - - - - - - - - - - - - - - - - - - -
- - - - - - - - - - - - - - - - - - - - - - - - - - - - - - - - - - - - - - - - - - - - - - - - - - - - - - - - - - - - - - - - - - - - - - - - - - - - - - - - - - - - - - - - - - - - - - - - - - - - - - - - - - - - - - - -
- - - - - - - - - - - - - - - - - - - - - - - - - - - - - - - - - - - - - - - - - - - - - - - - - - - - - - - - - - - - - - - - - - - - - - - - - - - - - - - - - - - - - - - - - - - - - - - - - - - - - - - - - - - - - - - -
