; generated — from assets/maps/overworld.txt; do not hand-edit
layer lower
0,40 4,40 8,40 4,40 0,40 4,40 0,40 4,40 0,40 4,40 0,40 4,40 0,40 4,40 0,41 4,41 4,41 8,41 4,41 4,41 4,41 0,42 4,41 4,41 0,42 4,41 4,41 4,41 4,41 4,41 4,42 4,40 0,40 4,40 0,40 4,40 8,42 4,41 4,41 4,41 4,42 4,40 0,40 4,40 0,40 4,40 0,43 4,40 0,40 4,40 0,40 4,40 0,43 4,40 0,40 4,40 0,40 4,40 0,43 4,43 0,40 4,40 0,40 4,40 0,40 4,40 0,40 4,40 0,40 4,40 0,40 4,40 0,40 4,40 0,40 4,40 0,40 4,40 0,40 4,40 0,43 4,40 0,40 4,40 0,40 4,40 0,40 4,40 0,40 4,40 0,43 4,40 0,40 4,43 0,40 4,40 0,43 4,43 0,40 4,40 8,40 4,43 0,43 4,40 8,40 4,40 0,40 8,43 8,40 4,40 0,40 4,40
0,44 4,44 8,44 0,45 8,44 0,45 8,44 0,45 8,44 0,41 4,41 4,41 4,41 0,42 4,45 8,45 8,45 8,45 8,45 8,45 8,45 8,45 8,45 8,45 8,45 8,45 8,45 8,45 8,45 8,45 0,46 4,41 4,41 4,41 8,41 4,41 4,45 8,45 8,45 8,45 0,46 4,41 0,42 4,41 4,42 0,45 8,44 4,44 8,44 0,45 8,44 0,45 0,44 4,44 8,44 0,45 8,44 4,44 8,44 0,45 8,44 0,45 4,46 0,45 4,46 0,45 8,44 0,45 8,44 0,45 8,44 0,45 8,44 0,45 8,44 8,46 8,44 0,41 4,41 4,41 4,41 4,41 4,41 4,41 4,41 4,41 4,41 0,42 4,41 4,41 4,41 4,41 4,41 4,41 4,41 4,42 8,44 0,45 8,44 0,45 4,46 0,45 8,44 0,45 8,44 0,45 8,44 0,45 4,46 0,45 0,44 0,45
0,40 4,40 0,40 4,40 0,40 4,40 0,41 4,41 4,41 4,45 8,45 8,45 8,45 8,45 0,47 4,47 8,47 0,48 4,48 8,48 8,48 0,49 0,48 4,49 8,49 0,50 4,50 4,50 8,50 0,51 4,51 8,45 8,45 8,45 8,45 8,45 0,47 4,47 8,51 0,52 4,51 8,45 8,45 8,45 0,46 4,42 0,40 4,40 0,40 8,43 0,40 4,40 0,40 4,40 0,40 4,40 0,43 4,40 0,40 4,40 0,40 4,40 0,40 4,40 0,40 4,43 0,40 4,40 0,40 4,40 0,40 8,42 0,42 4,41 4,41 4,41 8,41 4,45 8,45 8,45 8,45 8,45 8,45 8,45 8,45 8,45 8,45 8,45 8,45 8,45 8,45 8,45 8,45 8,45 8,45 0,46 4,41 4,41 4,41 8,41 4,41 4,42 0,40 4,40 0,40 4,40 0,40 4,40 0,40 4,40 0,40 4,40
8,44 0,45 8,44 0,45 0,41 4,41 4,45 8,45 8,45 0,47 4,52 8,52 8,49 0,53 4,53 8,53 0,0 0,0 0,0 0,0 0,0 0,0 0,0 0,0 1,0 2,0 2,0 2,0 2,0 0,54 4,54 8,54 0,50 4,50 8,54 0,55 4,55 8,55 0,0 0,56 4,56 8,56 0,57 4,57 4,51 0,46 4,42 0,45 8,44 0,45 8,44 0,45 8,44 0,45 8,44 0,45 8,44 0,45 8,44 0,45 8,44 0,45 8,44 4,44 8,44 0,45 8,44 0,45 0,41 8,41 4,41 4,45 8,45 8,45 8,45 8,45 8,45 0,47 8,57 0,58 4,58 8,58 0,59 4,59 8,59 0,59 4,58 4,58 4,59 0,60 0,60 4,60 4,58 8,60 0,61 4,51 8,45 8,45 8,45 8,45 8,45 0,46 4,41 4,41 4,42 0,45 8,44 0,45 8,44 0,45 8,44 0,45
0,40 4,40 0,40 0,41 4,45 8,45 0,47 4,52 4,61 4,55 8,61 2,0 2,0 2,0 2,0 3,0 0,0 0,0 0,0 4,0 0,0 0,0 0,0 5,0 2,0 6,0 2,0 6,0 2,0 2,0 2,0 2,0 2,0 2,0 2,0 2,0 2,0 3,0 0,0 0,0 0,0 0,0 7,0 0,62 4,62 4,51 0,46 4,42 0,40 4,40 0,40 4,43 0,40 4,40 0,40 4,40 0,40 4,40 8,40 4,40 0,40 8,43 0,40 4,40 0,40 4,40 8,62 4,41 4,45 8,45 8,45 0,47 8,57 0,63 8,59 4,63 8,59 8,63 0,64 8,0 8,0 8,0 8,0 8,0 8,0 8,0 8,0 8,0 8,0 8,0 8,0 8,0 8,0 8,0 4,64 8,64 0,65 0,65 0,59 4,65 8,65 4,51 8,45 8,45 0,46 4,41 4,42 4,40 0,40 4,40 0,40 4,40
8,44 4,44 0,41 4,45 0,47 4,52 0,66 8,61 2,0 2,0 2,0 2,0 9,0 10,0 9,0 11,0 0,1 1,1 0,0 0,0 2,1 0,0 3,1 4,1 9,0 10,0 9,0 10,0 9,0 10,0 9,0 10,0 9,0 10,0 9,0 10,0 9,0 11,0 1,1 0,0 5,0 5,1 6,1 7,1 4,66 8,66 4,51 0,46 4,42 0,45 8,44 0,45 0,44 0,45 8,44 0,45 8,44 0,45 8,44 8,46 8,44 0,45 8,44 0,45 0,41 4,41 4,45 8,45 0,47 0,67 4,67 8,67 0,68 8,0 8,0 8,0 8,0 8,0 8,1 8,0 8,0 8,0 8,0 8,0 9,1 10,1 11,1 10,1 11,1 0,2 11,1 10,1 1,2 8,0 8,0 8,0 8,0 8,0 8,0 8,0 4,68 8,68 0,69 4,69 4,51 8,45 0,46 4,41 4,42 0,45 8,44 0,45
0,40 0,41 4,45 0,47 8,69 0,70 2,0 2,0 2,0 6,0 2,0 6,0 2,0 6,0 2,0 6,0 2,0 11,0 1,1 0,0 0,0 0,0 0,0 2,2 4,1 6,0 2,0 6,0 2,0 6,0 2,0 6,0 2,0 6,0 2,0 6,0 2,0 6,0 11,0 0,1 2,0 2,0 3,2 4,2 5,2 4,70 8,70 8,45 0,71 4,40 0,40 4,40 0,43 4,40 0,40 4,40 0,40 4,40 0,40 4,43 0,43 4,40 0,40 0,41 4,45 8,45 0,47 4,71 8,71 0,72 8,0 8,0 8,0 8,0 6,2 7,2 7,2 7,2 8,2 7,2 7,2 7,2 9,2 8,0 8,0 10,2 8,0 11,2 0,3 10,2 8,0 10,2 0,3 10,2 8,0 11,2 8,0 10,2 8,0 8,0 8,0 8,0 8,0 4,72 8,72 4,69 4,51 8,45 0,46 0,73 0,40 4,40
0,41 4,45 0,47 4,73 8,73 2,0 2,0 10,0 9,0 10,0 9,0 10,0 9,0 10,0 9,0 10,0 9,0 10,0 1,3 2,3 0,0 3,3 0,0 0,0 2,2 4,3 4,3 4,3 4,1 10,0 9,0 10,0 5,3 4,3 4,3 4,3 4,1 10,0 9,0 10,0 9,0 2,0 2,0 3,0 0,0 0,0 0,74 4,51 0,46 4,42 4,46 4,44 8,44 0,45 8,44 0,45 4,46 4,44 8,44 0,45 8,44 0,45 0,41 4,45 0,47 8,57 4,74 8,74 8,0 8,0 8,0 10,1 8,0 6,3 7,3 8,3 7,1 9,3 7,1 7,1 7,1 7,1 10,3 11,3 8,0 0,4 11,1 10,1 11,1 10,1 11,1 0,4 11,1 10,1 11,1 10,1 11,1 10,1 11,1 0,4 11,1 10,1 8,0 8,0 8,0 0,75 4,75 8,65 4,51 0,46 4,42 0,45
8,75 8,45 0,76 4,76 2,0 2,0 2,0 6,0 2,0 6,0 2,0 6,0 2,0 6,0 2,0 6,0 2,0 5,3 1,4 0,0 0,0 2,4 0,0 0,0 0,0 0,0 0,0 0,0 2,2 4,3 4,3 4,3 1,4 0,0 0,0 0,0 2,2 4,1 2,0 6,0 2,0 6,0 2,0 1,3 2,3 0,0 8,76 8,70 8,45 0,71 0,40 4,40 0,40 4,40 0,40 4,40 0,40 4,40 0,40 4,40 0,40 0,41 4,45 0,47 0,77 4,77 8,0 8,0 8,0 10,2 8,0 10,2 8,0 8,0 3,4 4,4 4,4 4,4 5,4 4,4 4,4 4,4 6,4 8,0 8,0 11,2 0,3 10,2 0,3 10,2 8,0 10,2 8,0 10,2 8,0 10,2 8,0 10,2 8,0 10,2 8,0 11,2 7,4 10,2 8,0 8,0 8,0 8,77 0,78 4,51 0,46 4,42
8,45 0,47 4,78 4,3 4,3 4,1 9,0 10,0 9,0 10,0 9,0 10,0 9,0 10,0 9,0 5,3 4,3 1,4 0,0 0,0 2,1 3,3 2,1 3,3 2,1 8,4 2,1 0,0 0,0 0,0 0,0 0,0 0,0 0,0 2,1 0,0 0,0 2,2 4,1 10,0 9,0 10,0 5,3 1,4 0,0 0,0 0,0 8,78 8,45 0,71 8,44 0,45 8,44 0,45 8,44 0,45 8,44 0,45 8,44 0,45 8,44 0,79 8,45 4,79 8,79 8,0 8,0 0,2 9,1 10,1 1,2 10,1 11,1 8,0 8,0 8,0 8,0 8,0 9,4 8,0 8,0 8,0 8,0 8,0 11,1 10,1 11,1 10,1 11,1 10,1 9,1 10,1 11,1 10,1 9,1 0,2 11,1 10,1 11,1 10,1 9,1 0,2 11,1 10,1 11,1 0,2 8,0 8,0 0,80 4,80 8,45 8,80
8,45 0,81 4,81 0,0 0,0 2,2 4,3 4,3 4,3 4,3 10,4 4,3 4,3 4,3 4,3 1,4 0,0 0,0 0,0 11,4 0,5 2,4 1,5 4,0 0,0 2,4 0,0 4,0 0,0 4,0 0,0 2,5 0,5 4,0 0,0 2,4 0,0 0,0 2,2 4,3 10,4 4,3 1,4 0,0 0,0 0,0 8,81 0,82 8,45 4,82 0,40 4,40 0,40 4,40 0,40 4,40 0,40 4,40 0,40 8,43 0,41 4,45 0,47 8,82 8,0 8,0 8,0 11,2 8,0 11,2 8,0 10,2 8,0 10,2 8,0 10,2 8,0 8,0 8,0 8,0 8,0 10,2 8,0 10,2 7,4 10,2 7,4 10,2 8,0 10,2 8,0 11,2 8,0 10,2 8,0 10,2 8,0 3,5 0,3 10,2 0,3 10,2 7,4 3,5 8,0 10,2 7,4 8,0 8,0 0,83 4,51 8,45
8,45 4,83 0,0 0,0 0,0 0,0 0,0 0,0 0,0 0,0 4,5 0,0 0,0 0,0 0,0 0,0 0,0 3,3 2,1 3,3 2,1 3,3 2,1 3,3 2,1 3,3 2,1 3,3 2,1 8,4 2,1 8,4 2,1 3,3 5,5 3,3 2,1 0,0 0,0 0,0 4,5 0,0 0,0 0,0 0,0 0,0 8,83 0,84 4,84 8,84 8,44 0,45 8,44 0,45 8,44 8,46 0,44 0,45 8,44 0,45 0,79 8,45 0,85 4,85 8,0 10,1 11,1 10,1 11,1 10,1 9,1 0,2 11,1 10,1 11,1 10,1 11,1 10,1 11,1 0,4 9,1 0,2 9,1 10,1 11,1 10,1 11,1 10,1 11,1 10,1 9,1 0,2 9,1 0,2 11,1 10,1 11,1 10,1 11,1 0,4 11,1 0,4 9,1 0,4 11,1 10,1 11,1 10,1 8,0 8,85 0,86 8,45
8,45 4,86 0,0 4,0 1,5 4,0 0,0 4,0 0,0 0,0 0,0 0,0 0,0 5,0 0,1 1,1 0,0 0,0 6,5 7,5 8,5 9,5 10,5 11,5 0,6 0,0 0,0 0,0 0,0 0,0 0,0 0,0 0,0 0,0 0,0 0,0 0,0 4,0 0,0 0,0 0,0 0,0 1,5 0,0 0,0 8,86 0,87 8,45 0,71 4,40 0,40 4,40 0,40 4,40 0,40 4,40 0,40 4,40 0,40 4,40 0,79 8,45 4,87 8,0 8,0 11,2 0,3 10,2 8,0 10,2 8,0 11,2 8,0 10,2 8,0 10,2 8,0 10,2 8,0 10,2 8,0 10,2 8,0 10,2 8,0 10,2 8,0 10,2 8,0 3,5 0,3 10,2 8,0 10,2 7,4 11,2 8,0 10,2 0,3 10,2 8,0 10,2 8,0 10,2 8,0 10,2 8,0 10,2 8,0 8,0 8,87 8,45
8,45 0,88 0,0 0,0 0,0 0,0 0,0 0,0 0,0 0,0 0,0 5,0 0,1 2,0 9,0 11,0 0,1 1,1 1,6 2,6 3,6 4,6 5,6 6,6 7,6 0,0 5,0 0,1 0,1 0,1 0,1 0,1 0,1 0,1 1,1 0,0 0,0 0,0 2,1 3,3 2,1 8,4 0,0 0,0 4,88 8,88 0,84 4,84 0,89 0,45 8,44 0,45 8,44 0,45 4,46 4,44 8,44 0,45 8,44 4,44 0,79 8,45 4,89 8,89 8,0 10,1 11,1 0,2 11,1 0,2 11,1 10,1 11,1 10,1 11,1 0,2 11,1 10,1 11,1 10,1 11,1 10,1 11,1 10,1 11,1 10,1 11,1 10,1 11,1 0,2 11,1 0,2 11,1 10,1 11,1 10,1 11,1 0,2 9,1 0,2 11,1 0,2 9,1 10,1 11,1 10,1 11,1 10,1 8,0 0,90 4,90 8,45
8,45 8,90 0,0 5,0 0,1 0,1 0,1 0,1 0,1 1,1 0,0 1,0 2,0 6,0 2,0 6,0 2,0 3,0 8,6 9,6 10,6 11,6 0,7 1,7 2,7 3,7 1,0 6,0 2,0 6,0 2,0 6,0 2,0 6,0 11,0 0,1 1,1 0,0 0,0 0,0 0,0 0,0 0,0 0,91 4,91 0,84 4,84 0,89 0,40 4,40 0,40 4,40 0,43 4,40 0,40 4,40 0,40 4,40 0,40 4,40 8,91 0,92 4,92 8,92 8,0 8,0 8,0 11,2 8,0 10,2 8,0 10,2 8,0 10,2 8,0 10,2 8,0 10,2 8,0 11,2 8,0 10,2 8,0 10,2 8,0 10,2 8,0 10,2 8,0 10,2 8,0 10,2 8,0 3,5 0,3 11,2 0,3 10,2 8,0 10,2 8,0 11,2 8,0 10,2 8,0 10,2 0,3 8,0 8,0 0,93 0,84 8,45
8,45 4,93 8,93 2,0 9,0 10,0 9,0 10,0 9,0 11,0 4,7 4,3 4,3 4,1 9,0 5,3 4,3 1,4 5,7 6,7 7,7 8,7 9,7 10,7 11,7 0,8 1,0 10,0 9,0 10,0 9,0 10,0 9,0 10,0 9,0 10,0 3,0 0,0 0,0 0,0 0,94 4,94 8,94 0,95 0,84 4,84 8,84 0,45 8,44 4,44 8,44 4,44 4,46 8,46 4,46 0,45 8,44 0,45 8,44 4,44 8,44 4,95 8,45 8,95 0,96 8,0 8,0 10,1 11,1 0,2 9,1 10,1 11,1 10,1 11,1 10,1 11,1 10,1 11,1 0,2 11,1 10,1 11,1 10,1 11,1 10,1 11,1 10,1 11,1 10,1 11,1 10,1 11,1 0,2 11,1 0,4 11,1 10,1 11,1 0,2 11,1 10,1 11,1 10,1 11,1 10,1 8,0 8,0 4,96 8,96 8,45 4,84
8,45 4,92 0,97 2,0 2,0 2,0 2,0 6,0 2,0 6,0 3,0 0,0 0,0 2,2 4,3 1,4 0,0 0,0 1,8 2,8 3,8 4,8 5,8 6,8 7,8 8,8 1,0 6,0 2,0 6,0 2,0 6,0 2,0 6,0 5,3 4,3 1,4 0,0 0,0 4,97 8,97 0,84 8,45 8,45 4,84 8,84 0,40 4,40 0,40 4,40 0,40 4,40 0,40 4,40 0,40 4,40 8,40 4,40 0,40 4,40 0,40 8,91 0,92 4,92 0,98 4,98 8,0 8,0 8,0 10,2 0,3 11,2 8,0 10,2 8,0 11,2 0,3 10,2 8,0 10,2 8,0 10,2 0,3 10,2 8,0 10,2 8,0 11,2 8,0 10,2 8,0 10,2 8,0 10,2 8,0 10,2 8,0 11,2 8,0 10,2 8,0 10,2 8,0 10,2 8,0 8,0 8,0 8,98 0,99 0,84 4,84 8,84
0,92 8,45 4,99 8,99 0,100 2,0 2,0 2,0 2,0 2,0 3,0 0,0 0,0 0,0 0,0 0,0 0,0 3,3 9,8 10,8 11,8 0,9 1,9 2,9 3,9 4,9 2,2 4,3 4,3 4,3 4,3 4,3 4,3 4,3 5,9 0,0 0,0 0,94 4,100 0,95 0,84 4,84 8,100 8,100 8,84 0,45 0,44 0,45 8,44 4,44 8,44 0,45 8,44 0,45 8,44 0,45 8,44 0,45 0,44 0,45 8,44 0,45 8,91 0,92 4,92 0,101 4,101 8,101 8,0 8,0 8,0 10,1 1,2 10,1 11,1 10,1 11,1 10,1 11,1 10,1 11,1 10,1 11,1 10,1 1,2 10,1 11,1 10,1 11,1 10,1 11,1 10,1 11,1 10,1 11,1 10,1 11,1 10,1 11,1 10,1 11,1 10,1 11,1 10,1 11,1 8,0 0,102 4,102 0,84 8,45 0,71 0,45
8,91 0,92 8,45 4,92 8,102 0,103 4,103 8,103 2,0 0,104 4,104 0,0 0,0 0,0 0,0 0,0 0,0 11,4 0,0 4,0 0,0 4,0 6,9 4,0 0,0 0,0 0,0 0,0 0,0 0,0 0,0 0,0 0,0 0,0 8,104 0,105 4,105 8,105 0,84 8,45 4,84 8,84 0,40 4,40 0,40 4,40 0,40 4,40 0,40 4,40 0,40 4,40 0,40 4,40 0,40 4,40 0,40 4,40 0,40 4,40 0,40 4,40 0,40 8,91 0,92 8,45 4,92 0,106 4,106 8,106 8,0 8,0 8,0 8,0 8,0 10,2 7,4 10,2 0,3 11,2 8,0 3,5 8,0 3,5 8,0 10,2 8,0 10,2 0,3 10,2 8,0 3,5 8,0 10,2 8,0 11,2 8,0 10,2 0,3 3,5 0,3 3,5 7,4 10,2 8,0 8,0 0,107 4,107 4,51 8,45 0,71 4,40
8,44 8,91 8,100 0,92 8,45 8,45 4,92 8,102 8,107 0,108 4,108 8,108 0,109 4,109 8,109 0,110 0,0 0,0 0,0 0,0 0,0 0,0 0,0 0,0 0,0 0,0 0,0 0,0 0,0 4,110 8,110 0,111 4,111 8,111 8,105 0,84 8,45 8,45 4,84 8,100 0,112 0,45 8,44 0,45 8,44 0,45 8,44 0,45 8,44 0,45 8,44 4,44 8,44 0,45 8,44 0,45 8,44 0,45 0,44 0,45 8,44 0,45 8,44 0,45 8,91 8,100 0,92 8,45 4,92 0,106 4,112 8,112 0,113 8,0 8,0 8,0 8,0 8,0 8,0 8,0 11,1 10,1 11,1 0,4 11,1 10,1 11,1 10,1 11,1 10,1 11,1 0,4 9,1 10,1 11,1 10,1 11,1 10,1 1,2 10,1 1,2 10,1 11,1 10,1 11,1 8,0 8,0 4,113 4,80 8,45 0,71 0,45
0,40 4,40 0,40 8,91 8,100 8,100 0,92 8,45 8,45 8,45 8,45 8,45 8,45 8,45 4,92 8,113 0,114 4,114 4,109 8,114 4,111 0,109 0,115 0,111 4,111 4,115 4,114 4,109 8,115 0,116 0,84 8,45 8,45 8,45 8,45 4,84 8,100 8,100 0,112 4,40 0,40 4,40 0,40 8,43 0,40 4,40 0,40 4,40 0,40 4,40 0,40 4,40 0,40 4,40 0,40 4,40 0,40 4,40 0,40 4,40 8,40 4,40 0,40 4,40 0,40 4,43 4,116 8,100 0,92 8,45 8,45 4,92 8,116 0,117 4,117 8,117 0,118 4,118 8,118 8,0 8,0 8,0 8,0 8,0 8,0 8,0 8,0 8,0 8,0 8,0 8,0 8,0 8,0 10,2 8,0 10,2 8,0 10,2 8,0 11,2 8,0 10,2 8,0 10,2 8,0 10,2 8,0 8,0 0,119 4,51 0,46 4,42
0,44 0,45 8,44 0,45 8,44 0,45 8,91 8,100 8,100 8,100 4,119 8,100 8,100 8,100 0,92 8,45 8,45 8,45 8,45 8,45 8,45 8,45 8,45 8,45 8,45 8,45 8,45 8,45 8,45 8,45 4,84 8,100 8,100 8,100 8,100 8,84 4,46 8,46 8,44 0,45 8,44 4,44 8,44 0,45 8,44 0,45 8,44 4,44 0,41 4,41 4,41 4,41 4,42 0,45 8,44 4,44 0,41 8,41 8,41 4,41 4,42 0,45 8,44 0,45 8,44 0,45 8,44 0,45 8,91 8,100 8,100 0,92 8,45 8,45 8,45 8,45 8,45 4,92 0,106 8,119 0,118 0,120 4,120 4,117 8,120 4,120 4,117 8,117 0,121 4,121 7,9 8,0 11,1 10,1 9,1 10,1 11,1 0,2 11,1 10,1 11,1 0,2 11,1 10,1 11,1 10,1 9,1 8,0 8,121 0,86 8,45 0,71
0,43 4,40 0,40 4,40 0,40 8,43 0,40 4,40 0,40 4,40 0,40 4,40 0,40 8,43 8,91 8,100 8,100 4,119 8,100 8,100 8,100 8,100 8,100 8,100 8,100 8,100 8,100 8,100 0,122 8,100 8,84 4,40 0,40 4,40 0,43 4,40 0,43 4,40 0,40 4,40 8,40 4,40 0,40 0,41 4,41 4,41 4,41 0,42 4,45 8,45 8,45 8,45 0,46 4,41 0,42 4,41 4,45 8,45 8,45 8,45 0,46 4,41 4,41 4,41 4,41 4,41 4,41 4,42 0,40 4,40 0,40 8,91 8,100 8,100 8,100 8,100 8,100 0,92 8,45 8,45 8,45 8,45 8,45 8,45 8,45 8,45 8,45 8,45 4,92 4,122 8,0 8,0 8,0 10,2 8,0 11,2 8,0 11,2 8,0 10,2 8,0 10,2 8,0 10,2 8,0 10,2 8,0 8,0 8,0 8,122 8,45 0,71
8,44 0,45 8,44 0,45 0,44 8,46 8,44 4,44 8,44 0,45 8,44 0,45 8,44 8,46 8,44 4,44 8,44 0,45 8,44 0,45 8,44 0,45 8,44 4,44 4,46 0,45 8,44 0,45 8,44 0,45 8,44 0,45 0,44 0,45 8,44 0,45 4,46 0,45 8,44 0,45 8,44 0,41 4,41 4,45 8,45 8,45 8,45 8,45 0,47 0,123 4,123 8,123 4,51 8,45 8,45 8,45 0,47 0,124 4,124 8,123 4,51 8,45 8,45 8,45 8,45 8,45 8,45 0,46 4,41 4,41 4,42 0,45 8,44 0,45 8,44 0,45 8,44 8,91 0,122 8,100 4,119 8,100 8,100 8,100 8,100 8,100 8,100 0,92 8,45 8,124 8,0 10,1 1,2 10,1 11,1 10,1 9,1 10,1 11,1 10,1 11,1 10,1 11,1 0,2 9,1 0,4 1,2 10,1 8,0 0,125 8,45 0,71
0,40 8,43 8,40 4,40 8,40 4,40 0,40 8,43 0,43 4,40 0,40 4,40 0,40 4,40 8,40 0,41 4,41 4,41 4,41 4,42 0,40 4,40 0,40 4,40 0,40 4,40 0,40 4,40 0,40 4,40 0,40 4,40 0,40 8,43 0,40 4,40 0,40 4,43 0,40 8,43 0,41 4,45 8,45 0,47 0,124 4,125 8,125 0,126 4,126 8,126 8,9 0,127 4,127 8,127 8,127 0,128 4,128 8,128 8,9 0,129 4,129 8,129 0,130 4,130 8,130 0,131 4,131 4,51 8,45 8,45 0,46 4,41 4,42 4,40 0,40 4,40 0,40 4,40 0,40 4,40 0,40 4,40 0,40 4,40 0,40 4,40 0,40 0,79 8,45 8,131 8,0 10,2 8,0 10,2 0,3 10,2 8,0 10,2 8,0 10,2 8,0 10,2 8,0 10,2 8,0 10,2 8,0 10,2 8,0 0,125 8,45 0,132
8,44 0,45 8,44 0,45 8,44 0,45 8,44 0,45 8,44 0,41 4,41 8,41 4,41 4,41 4,41 4,45 8,45 8,45 8,45 0,46 4,41 8,41 4,41 4,41 4,41 4,41 4,41 4,41 4,41 4,41 4,41 4,41 4,42 0,45 8,44 0,45 8,44 0,45 0,44 0,41 4,45 0,47 0,124 4,132 8,132 8,9 8,9 8,9 8,9 8,9 9,9 8,9 10,9 7,1 7,1 7,1 7,1 11,9 0,10 1,10 7,1 7,1 2,10 8,9 8,9 8,9 0,133 4,133 8,133 8,123 4,51 8,45 0,46 4,41 4,42 0,45 8,44 0,45 8,44 0,45 8,44 0,45 8,44 0,45 4,46 0,45 8,44 0,79 8,45 0,134 8,0 10,1 1,2 10,1 11,1 10,1 1,2 10,1 11,1 0,2 9,1 10,1 11,1 10,1 1,2 0,2 9,1 10,1 8,0 4,134 8,45 0,46
0,43 8,43 0,40 4,43 0,40 4,40 0,40 0,41 4,41 4,45 8,45 8,45 8,45 8,45 8,45 0,47 8,134 0,135 4,135 4,51 8,45 8,45 8,45 8,45 8,45 8,45 8,45 8,45 8,45 8,45 8,45 8,45 0,46 4,41 0,73 4,40 0,40 4,40 0,41 4,45 0,47 8,135 0,136 8,9 3,10 4,10 5,10 6,10 0,10 0,10 11,9 0,10 1,10 7,1 7,1 7,1 7,1 7,1 7,10 8,10 7,1 7,1 11,9 0,10 0,10 9,10 8,9 8,9 8,9 4,136 8,136 0,137 4,51 8,45 0,46 0,73 0,40 4,40 0,40 4,40 0,40 4,40 0,40 4,40 0,40 4,40 0,41 4,45 0,47 4,137 8,0 3,5 7,4 3,5 8,0 10,2 8,0 10,2 0,3 3,5 8,0 10,2 8,0 11,2 0,3 3,5 8,0 11,2 8,0 8,137 4,51 8,45
8,44 0,45 8,44 0,41 4,41 4,41 4,41 4,45 8,45 0,47 0,138 4,138 8,138 0,139 4,139 8,139 0,140 10,10 4,140 8,140 0,141 4,141 8,141 0,142 8,125 8,141 0,142 8,125 0,126 4,130 4,142 0,137 4,51 8,45 0,46 4,41 0,73 0,45 0,79 8,45 8,142 0,143 8,9 8,9 11,10 0,11 1,11 2,11 7,1 8,3 7,1 7,1 7,1 7,1 7,1 7,1 7,1 7,1 3,11 4,11 7,1 7,1 7,1 7,1 7,1 11,9 0,10 9,10 8,9 8,9 8,9 4,143 8,143 4,131 4,51 0,46 4,42 0,45 8,44 0,45 8,44 0,45 8,44 0,45 8,44 0,45 0,79 8,45 0,85 0,144 8,0 10,1 1,2 10,1 9,1 10,1 11,1 10,1 11,1 0,2 11,1 10,1 11,1 10,1 11,1 0,2 11,1 10,1 8,0 8,121 0,86 8,45
0,40 4,43 0,41 4,45 8,45 8,45 8,45 0,47 4,144 8,144 0,145 5,11 6,11 10,10 10,10 10,10 7,11 8,9 8,11 7,11 8,9 8,9 8,9 8,9 8,9 8,9 8,9 8,9 8,9 8,9 8,9 4,145 8,145 0,146 4,51 8,45 0,46 4,41 4,45 0,47 4,146 8,9 8,9 8,9 9,11 10,11 11,11 0,12 1,12 7,1 9,3 8,3 7,1 7,1 7,1 7,1 7,1 2,12 3,12 4,12 5,12 7,1 6,12 7,1 7,1 7,1 9,3 11,9 0,10 9,10 8,9 8,9 8,9 8,146 0,147 4,51 0,46 4,42 0,40 4,40 0,40 4,40 0,40 4,40 0,40 4,40 0,79 8,45 4,87 8,0 8,0 10,2 8,0 10,2 8,0 10,2 8,0 10,2 8,0 11,2 8,0 10,2 8,0 11,2 0,3 10,2 7,4 11,2 8,0 8,0 4,147 8,45
8,44 0,45 0,79 8,45 8,147 4,125 8,125 0,148 4,148 7,12 8,12 9,12 10,12 8,9 8,9 8,9 8,9 8,9 8,9 8,9 11,12 0,13 1,13 0,13 1,13 2,13 3,13 8,9 8,9 4,13 5,13 6,13 6,13 8,148 0,149 4,149 8,45 8,45 8,45 8,142 8,149 8,9 8,9 7,13 8,13 9,13 10,13 11,13 0,14 9,3 8,3 7,1 7,1 7,1 7,1 1,14 2,14 3,14 4,14 5,14 6,14 7,14 8,14 7,1 7,1 7,1 9,3 9,3 7,1 11,9 9,10 8,9 8,9 8,9 0,150 4,150 4,51 0,46 0,73 0,45 4,46 0,45 4,46 0,45 8,44 0,45 0,79 8,45 4,89 8,150 8,0 10,1 11,1 10,1 11,1 10,1 11,1 10,1 11,1 10,1 11,1 0,2 11,1 10,1 9,1 10,1 1,2 10,1 8,0 0,151 4,151 8,45
0,40 4,40 0,79 8,45 8,151 9,14 8,9 9,14 10,14 8,9 8,9 8,9 11,14 0,15 8,9 8,9 1,15 2,15 3,15 2,15 11,12 2,15 11,12 2,15 11,12 2,15 1,15 8,9 4,13 6,13 6,13 4,15 6,13 6,13 6,13 0,152 4,51 8,45 8,45 4,152 8,9 8,9 8,9 5,15 7,1 7,1 7,1 7,1 7,1 9,3 7,1 7,1 7,1 7,1 6,15 7,15 8,15 9,15 10,15 11,15 0,16 1,16 2,16 3,16 7,1 7,1 7,1 7,1 7,1 7,1 11,9 9,10 8,9 8,9 8,9 8,146 8,152 8,45 0,71 4,40 0,40 4,40 0,40 4,40 0,40 4,43 4,116 0,92 4,92 0,153 8,0 10,2 8,0 11,2 8,0 10,2 8,0 10,2 8,0 10,2 8,0 10,2 8,0 10,2 8,0 10,2 8,0 10,2 8,0 4,153 0,84 8,45
8,44 0,41 4,45 0,47 8,153 4,16 5,16 6,16 7,16 8,16 9,16 10,16 11,16 0,17 1,17 8,9 8,9 2,13 3,13 2,17 1,13 0,13 1,13 0,13 1,13 2,13 1,13 8,9 3,17 4,17 5,17 4,17 6,17 4,17 6,13 0,154 4,154 8,45 8,45 8,154 0,155 8,9 8,9 5,15 7,1 7,1 7,1 7,1 9,3 7,1 7,1 7,1 7,1 7,1 7,17 8,17 9,17 10,17 11,17 0,18 1,18 2,18 3,18 4,18 7,1 7,1 7,1 7,1 9,3 7,1 7,1 5,18 8,9 2,13 8,9 8,9 4,155 8,45 0,71 0,45 8,44 0,45 8,44 0,45 8,44 0,45 8,44 0,79 8,45 0,134 8,0 10,1 11,1 10,1 9,1 10,1 11,1 10,1 11,1 10,1 11,1 10,1 11,1 10,1 11,1 10,1 11,1 10,1 8,0 0,125 8,45 4,84
0,40 0,79 8,45 8,155 0,156 6,18 7,18 8,18 9,18 10,18 11,18 0,19 1,19 3,17 2,19 3,19 8,9 2,15 4,19 5,19 8,9 8,9 8,9 8,9 8,9 2,15 8,9 8,9 6,19 7,19 6,13 4,15 6,13 4,15 6,13 6,13 4,156 4,51 8,45 8,156 0,157 8,9 8,9 5,15 8,3 7,1 9,3 7,1 7,1 7,1 7,1 7,1 7,1 8,19 9,19 10,19 11,19 0,20 1,20 2,20 3,20 4,20 5,20 6,20 7,20 7,1 7,1 7,1 7,1 7,1 7,1 5,18 8,9 8,9 8,9 8,9 4,157 4,51 0,46 4,42 0,40 4,40 0,40 4,40 0,40 4,40 0,40 0,79 8,45 0,134 8,0 10,2 0,3 11,2 0,3 11,2 8,0 10,2 8,0 10,2 7,4 10,2 8,0 10,2 8,0 10,2 8,0 10,2 8,0 4,134 8,45 0,71
0,41 4,45 0,47 8,157 8,20 9,20 10,20 11,20 0,21 1,21 2,21 3,21 4,21 5,21 6,21 8,9 8,9 2,13 1,13 7,21 3,13 8,9 0,158 8,9 1,13 2,13 8,21 8,9 8,9 6,19 7,12 7,12 7,12 7,12 7,12 7,12 4,158 8,158 8,45 0,159 4,159 8,9 9,21 10,21 7,1 7,1 7,1 8,3 7,1 7,1 7,1 8,3 7,1 11,21 0,22 1,22 2,22 3,22 4,22 2,20 5,22 6,22 7,22 8,22 9,22 10,22 8,3 7,1 7,1 7,1 7,1 11,22 0,23 8,9 1,23 8,9 8,159 8,152 8,45 0,71 8,44 8,46 8,44 0,45 8,44 0,45 4,46 0,79 8,45 0,134 8,0 0,2 11,1 10,1 11,1 0,4 9,1 10,1 11,1 0,2 11,1 10,1 11,1 10,1 11,1 10,1 11,1 10,1 8,0 0,160 8,45 0,71
0,79 8,45 4,160 8,160 7,11 8,9 2,23 3,23 4,23 5,23 6,23 7,23 8,9 8,23 11,12 11,12 3,15 9,23 8,9 9,23 3,15 8,9 0,161 8,9 8,9 10,23 11,23 0,24 8,9 8,9 8,9 8,9 8,9 8,9 8,9 8,9 8,9 4,161 8,45 8,161 8,9 8,9 8,9 10,9 7,1 9,3 7,1 9,3 7,1 7,1 7,1 7,1 1,24 2,24 3,24 4,24 5,24 6,24 7,24 2,20 8,24 9,24 8,22 8,22 10,24 11,24 7,1 7,1 7,1 7,1 9,3 2,10 8,9 8,9 0,25 8,9 8,9 0,162 8,45 0,71 0,40 4,40 0,40 4,40 0,40 4,43 0,40 4,162 8,45 8,162 8,0 8,0 8,0 3,5 8,0 10,2 8,0 10,2 7,4 10,2 8,0 3,5 8,0 10,2 8,0 10,2 8,0 8,0 8,0 0,163 8,45 4,82
4,45 8,45 4,163 1,25 8,9 8,9 1,13 8,9 2,25 8,9 3,25 2,13 8,9 11,12 11,12 0,13 1,13 2,13 3,13 7,21 8,9 8,9 8,163 8,9 8,21 7,21 1,13 2,13 1,13 2,13 1,13 2,13 1,13 7,21 1,13 8,9 0,164 4,164 8,45 8,154 8,164 8,9 8,9 5,15 7,1 7,1 7,1 7,1 7,1 7,1 9,3 7,1 4,25 5,25 6,25 7,25 8,25 9,25 10,25 11,25 0,26 0,26 0,26 0,26 1,26 2,26 9,3 7,1 7,1 7,1 7,1 5,18 8,9 2,13 3,13 8,9 0,165 4,165 8,45 0,71 8,44 0,45 8,44 0,45 8,44 8,46 8,44 0,79 8,45 8,165 0,166 8,0 11,1 0,4 11,1 10,1 11,1 10,1 11,1 10,1 9,1 10,1 11,1 10,1 11,1 10,1 11,1 8,0 4,166 4,90 8,45 4,82
8,45 0,47 8,166 1,25 8,9 3,26 4,26 4,26 5,26 6,26 4,26 7,26 7,26 2,15 11,12 2,15 8,9 2,15 8,9 2,15 8,26 0,167 4,167 8,9 11,23 2,15 3,15 9,26 1,15 2,15 3,15 2,15 3,15 2,15 8,9 8,9 8,167 0,84 8,45 4,92 0,168 8,9 8,9 10,26 11,26 7,1 7,1 7,1 8,3 7,1 7,1 7,1 7,1 7,1 7,1 7,1 7,1 7,1 8,3 7,1 7,1 7,1 7,1 7,1 7,1 7,1 7,1 7,1 7,1 7,1 7,1 5,18 8,9 2,15 11,23 8,9 4,168 0,84 4,84 8,84 8,40 4,40 0,43 4,40 0,40 0,41 4,41 4,45 8,45 8,156 8,168 8,0 8,0 8,0 8,0 8,0 8,0 8,0 8,0 8,0 8,0 8,0 8,0 8,0 8,0 11,2 8,0 8,0 0,169 0,84 4,84 8,84
8,45 4,169 8,169 7,11 8,9 0,27 8,21 8,9 8,9 1,27 2,27 8,9 8,9 2,13 1,13 7,21 1,13 2,13 8,21 2,13 4,26 0,170 8,9 8,9 1,13 2,13 1,13 2,13 3,27 7,21 3,13 2,13 3,13 2,13 8,9 0,164 4,164 8,45 8,45 8,45 4,170 8,9 8,9 8,9 4,27 11,26 7,1 7,1 8,3 8,3 7,1 7,1 9,3 8,3 9,3 7,1 9,3 7,1 7,1 7,1 7,1 7,1 7,1 7,1 7,1 7,1 7,1 9,3 7,1 7,1 7,1 5,18 8,9 0,27 8,9 8,9 8,170 8,45 0,71 8,46 8,44 0,45 8,44 8,62 4,41 4,45 8,45 8,45 0,47 0,171 4,171 8,171 7,2 7,2 7,2 7,2 7,2 7,2 7,2 7,2 7,2 7,2 7,2 9,2 8,0 8,0 8,0 0,172 4,90 8,45 0,71 0,45
8,45 4,172 1,25 8,9 8,9 2,15 8,9 5,27 8,9 8,9 6,27 7,27 8,9 8,9 8,9 2,15 1,15 9,26 8,9 2,15 8,9 8,172 8,9 8,27 8,9 2,15 3,15 2,15 8,9 2,15 8,9 2,15 8,9 8,9 8,9 0,173 0,84 4,84 0,92 8,45 4,173 8,173 8,9 8,9 8,9 4,27 9,27 11,26 7,1 7,1 7,1 9,3 7,1 7,1 7,1 9,3 7,1 8,3 7,1 9,3 7,1 7,1 7,1 7,1 7,1 9,3 7,1 7,1 10,27 11,27 7,1 5,18 8,9 2,15 8,9 0,174 4,165 8,45 0,71 4,40 0,40 4,40 0,41 4,45 8,45 0,47 4,174 8,174 0,175 4,175 7,1 7,1 7,1 7,1 7,1 7,1 8,3 7,1 7,1 7,1 7,1 8,3 7,1 8,2 7,2 7,2 8,175 0,99 0,84 4,84 8,84 4,40
8,45 0,176 4,176 0,28 8,9 1,28 1,13 2,28 3,13 8,9 8,9 5,26 3,28 8,9 4,28 4,28 4,28 7,21 1,13 2,13 8,9 8,176 8,9 2,13 1,13 0,27 1,13 7,21 3,13 0,27 3,13 8,9 8,9 0,177 4,177 8,177 8,45 0,71 8,91 0,92 4,92 0,178 8,173 8,9 8,9 8,9 8,9 4,27 9,27 11,26 7,1 7,1 7,1 7,1 8,3 7,1 7,1 7,1 7,1 7,1 7,1 7,1 7,1 7,1 7,1 7,1 7,1 5,28 6,28 7,28 8,28 5,18 8,9 0,27 8,9 8,159 8,152 8,45 0,71 0,45 8,44 8,42 4,45 0,47 4,174 4,178 8,178 7,1 7,1 7,1 7,1 7,1 9,3 9,3 7,1 8,3 7,1 7,1 7,1 7,1 7,1 8,3 7,1 7,1 7,1 7,1 0,179 0,84 4,84 0,112 8,44 0,45
8,45 4,92 4,179 1,25 8,9 2,15 8,9 0,24 3,15 10,23 8,9 8,9 1,27 9,28 10,28 11,28 4,28 4,28 8,9 9,26 8,9 8,179 8,9 0,24 8,9 9,26 8,9 5,19 8,9 5,19 8,9 8,9 0,180 4,180 0,84 8,45 4,84 8,84 8,40 8,91 0,92 4,92 0,178 8,173 8,9 8,9 8,9 8,9 8,9 4,27 9,27 9,27 11,26 8,3 7,1 7,1 7,1 7,1 7,1 7,1 9,3 8,3 7,1 7,1 7,1 7,1 7,1 0,29 1,29 2,29 3,29 5,18 8,9 2,15 8,9 8,9 8,180 8,45 0,71 8,43 0,41 4,45 0,47 0,181 4,181 4,29 4,29 5,29 7,1 7,1 9,3 9,3 9,3 7,1 7,1 7,1 7,1 7,1 8,3 7,1 8,3 7,1 8,3 6,29 4,29 8,181 0,182 8,45 0,71 4,40 0,40 4,40
0,92 8,45 4,182 1,25 8,9 8,9 1,13 2,13 1,23 2,13 8,21 8,9 8,9 8,9 4,28 7,29 8,29 8,9 8,9 8,9 8,9 8,182 8,9 8,9 8,9 2,13 1,13 9,29 1,13 0,27 1,13 8,9 0,183 0,147 4,51 8,45 0,71 0,45 8,44 0,45 8,91 0,92 4,92 4,183 8,183 0,184 8,9 8,9 8,9 8,9 8,9 8,9 10,29 11,29 11,29 11,29 11,29 11,29 11,29 11,29 11,29 11,29 11,29 11,29 11,29 11,29 11,26 0,30 1,30 2,30 3,30 5,18 8,9 2,13 8,9 0,180 4,164 8,45 0,71 0,41 4,45 0,47 4,184 8,184 4,30 4,30 4,30 5,30 4,29 4,29 4,29 4,29 4,29 4,29 4,29 4,29 4,29 4,29 4,29 4,29 4,29 4,29 4,29 6,30 4,30 0,185 4,185 4,51 0,46 4,42 8,44 0,45
0,79 8,45 8,185 0,186 0,28 8,9 8,9 9,26 3,15 2,15 11,23 9,26 1,15 9,26 8,9 8,9 7,30 8,30 9,30 10,30 11,30 4,186 0,31 1,31 8,9 8,9 8,9 8,9 3,15 2,15 8,9 8,9 8,9 8,159 0,147 4,51 0,46 4,42 0,40 4,40 0,40 8,186 0,92 8,45 4,92 0,187 4,187 8,187 8,9 11,12 11,12 11,12 11,12 11,12 11,12 11,12 11,12 11,12 11,12 11,12 11,12 11,12 11,12 11,12 11,12 11,12 2,31 3,31 4,31 5,31 6,31 7,31 8,9 8,9 8,9 0,188 0,84 4,84 4,188 4,45 0,47 4,184 8,188 4,30 4,30 8,31 4,30 4,30 4,30 4,30 4,30 4,30 4,30 4,30 4,30 4,30 4,30 4,30 4,30 4,30 4,30 4,30 4,30 4,30 4,30 4,30 0,189 4,185 4,51 0,46 4,42 4,40
8,91 0,92 4,92 4,189 1,25 8,9 8,9 2,13 8,21 2,13 1,23 0,27 1,13 7,21 9,31 8,9 8,9 8,9 8,9 8,9 8,9 8,9 8,189 10,31 11,31 9,28 0,32 8,9 1,13 0,27 1,13 0,27 8,9 8,9 0,190 8,158 8,45 0,71 8,44 0,45 0,44 0,45 8,91 4,119 0,92 8,45 4,92 4,190 8,190 0,191 4,191 11,12 11,12 11,12 11,12 11,12 11,12 11,12 11,12 11,12 11,12 0,13 1,13 0,13 1,13 11,12 7,26 7,26 4,26 4,26 4,26 4,26 8,9 8,9 8,191 0,192 8,45 0,71 0,79 8,45 4,192 8,192 4,30 4,30 1,32 2,32 1,32 4,30 4,30 4,30 4,30 4,30 1,32 2,32 1,32 2,32 1,32 2,32 3,32 4,32 1,32 2,32 5,32 6,32 1,32 4,30 4,30 0,193 4,193 8,45 0,71 4,44
0,40 0,79 8,45 0,176 8,193 0,28 8,9 8,9 1,15 9,26 8,26 0,24 3,15 5,19 4,26 10,23 8,9 9,26 8,9 9,26 3,15 4,28 0,194 4,28 4,28 4,28 7,32 8,9 1,15 8,27 11,23 9,23 8,9 8,9 8,9 4,194 8,45 0,71 0,40 4,40 0,40 4,40 0,40 4,40 8,91 8,100 0,92 8,45 8,45 4,92 0,187 8,194 0,195 4,195 8,195 0,195 0,196 4,196 11,12 8,196 11,12 11,12 11,12 2,15 11,12 2,15 8,9 8,27 11,23 9,26 8,9 8,9 8,9 0,197 4,180 0,84 4,84 8,84 4,95 8,45 4,197 4,30 4,30 8,31 4,30 8,32 4,30 4,30 8,197 0,198 4,198 4,30 4,30 9,32 4,30 8,31 10,32 8,31 4,30 8,31 11,32 9,32 11,32 8,31 11,32 8,31 4,30 4,30 8,198 8,45 0,71 4,40
8,44 0,79 8,45 8,156 0,199 4,199 0,28 8,9 8,9 8,9 0,33 2,13 3,13 1,28 1,13 2,13 1,33 2,13 1,13 2,33 3,27 8,9 8,199 4,28 3,33 8,26 8,9 8,9 1,13 2,13 1,13 7,21 1,13 8,9 4,33 0,200 4,51 0,46 4,42 0,45 8,44 0,45 4,46 0,45 8,44 8,46 8,91 0,122 8,100 0,92 8,45 8,45 8,45 8,45 8,45 8,45 4,92 4,183 4,200 8,200 4,187 0,201 8,9 8,9 8,9 8,9 8,9 8,9 8,9 8,9 8,9 4,201 8,201 0,202 0,84 4,84 8,84 0,41 4,45 0,47 4,202 4,30 1,32 2,32 1,32 4,30 4,30 8,202 0,203 4,203 8,203 0,204 4,30 4,30 1,32 2,32 3,32 2,32 1,32 2,32 3,32 2,32 1,32 2,32 1,32 2,32 1,32 4,30 4,204 4,51 0,46 4,42
0,40 0,79 8,45 8,155 8,204 5,33 6,33 5,13 1,17 8,9 8,9 10,23 1,15 9,26 1,15 2,15 8,9 8,27 8,9 7,33 3,15 8,9 0,205 8,9 11,23 8,33 1,15 9,26 9,33 2,15 9,33 2,15 8,9 8,9 8,11 4,205 8,205 8,45 0,71 4,40 0,40 4,40 0,40 4,40 0,40 4,43 0,40 4,40 0,40 8,186 8,100 8,100 4,119 8,100 4,119 8,100 0,92 8,45 8,45 8,45 4,92 4,190 0,206 4,206 8,206 8,187 8,9 0,207 4,207 4,206 8,207 0,208 0,84 8,45 4,84 8,84 0,40 4,162 8,45 4,208 8,208 4,30 4,30 8,32 4,30 4,30 0,209 4,209 8,209 0,210 8,209 4,210 8,210 4,30 4,30 8,32 4,30 8,31 11,32 8,31 4,30 8,31 4,30 8,31 4,30 9,32 4,30 4,30 0,211 4,193 8,45 4,82
4,46 0,79 8,45 4,211 6,13 6,13 6,17 4,17 10,33 1,17 8,9 0,27 1,13 11,33 1,13 0,27 3,13 0,27 1,33 8,9 8,9 8,9 8,211 8,9 1,13 2,13 1,13 2,17 3,13 2,13 1,23 2,13 1,23 8,9 8,9 0,34 0,212 8,45 0,71 0,45 8,44 0,45 8,44 0,45 8,44 4,44 8,44 0,45 8,44 0,45 8,44 0,45 8,44 0,45 8,44 0,45 8,91 8,100 8,100 8,100 0,92 8,45 8,45 8,45 4,92 4,190 4,212 0,208 0,84 8,45 8,45 8,45 4,84 0,122 0,112 0,45 8,44 0,79 8,45 8,212 4,30 4,30 1,32 2,32 1,32 4,30 4,30 0,213 4,213 4,203 8,213 0,214 4,30 4,30 1,32 6,32 1,32 2,32 1,32 2,32 1,32 2,32 1,32 2,32 3,32 2,32 1,32 4,30 4,30 4,214 8,45 0,71
0,41 4,45 0,47 8,214 6,13 4,15 1,34 4,15 6,13 2,34 8,9 10,23 8,9 2,15 8,9 8,9 8,9 8,9 8,9 8,9 4,13 0,215 4,215 8,9 8,9 8,9 1,15 2,15 1,15 9,26 3,15 2,15 8,9 8,9 4,33 8,215 0,216 8,45 0,71 4,40 0,40 4,40 0,40 4,40 8,40 8,43 0,40 4,40 0,40 4,40 0,40 4,40 0,40 4,40 0,40 4,40 0,40 4,40 8,40 0,41 4,45 8,45 8,45 8,45 8,45 8,45 8,45 8,45 4,84 0,122 8,100 0,122 8,84 8,43 0,43 4,40 0,40 0,79 8,45 4,216 8,216 4,30 4,30 8,31 4,30 8,31 4,30 4,30 0,217 4,217 8,217 4,30 4,30 8,31 11,32 8,31 4,30 4,30 4,30 4,30 4,30 4,30 4,30 4,30 11,32 9,32 4,30 4,30 0,218 4,218 8,45 0,71
0,79 8,45 4,169 8,218 3,34 4,17 6,17 4,17 4,34 5,34 8,9 0,27 1,13 8,9 8,9 8,9 4,13 5,13 5,13 5,13 6,13 0,219 10,33 5,13 1,17 8,9 8,9 4,26 1,33 2,13 3,13 6,34 7,34 8,9 0,34 4,219 0,84 4,84 8,84 8,46 8,44 0,45 8,44 0,45 4,46 0,41 4,41 4,41 4,41 4,42 8,44 0,45 4,46 0,45 8,44 0,45 8,44 0,45 0,41 4,45 8,45 8,45 8,45 8,45 8,45 8,45 4,84 8,100 8,84 0,45 0,44 0,45 8,44 0,45 8,44 0,45 8,44 8,186 0,92 4,92 8,219 4,30 1,32 6,32 3,32 2,32 3,32 4,30 4,30 4,30 4,30 4,30 1,32 6,32 3,32 4,32 1,32 4,30 8,202 0,220 0,198 4,220 8,220 4,30 1,32 2,32 1,32 4,30 0,221 0,84 4,84 0,112
0,79 8,45 4,221 5,11 8,34 7,12 7,12 7,12 5,34 8,9 8,9 8,27 8,9 8,9 4,13 5,13 6,13 4,15 6,13 4,15 6,13 8,221 6,13 9,34 10,33 5,13 1,17 8,9 10,34 11,34 0,35 2,15 8,9 8,9 0,34 0,222 8,45 0,71 0,43 4,43 8,40 4,40 8,40 0,41 8,41 4,45 8,45 8,45 8,45 0,46 4,41 4,42 0,40 4,40 0,40 4,40 0,40 8,42 4,45 0,47 4,222 8,222 8,130 0,131 4,131 4,51 0,46 4,42 0,40 4,40 0,40 4,40 0,40 4,40 0,40 4,40 0,40 4,40 4,95 8,45 0,223 4,30 4,30 8,31 4,30 9,32 4,30 8,31 4,30 9,32 4,30 8,31 4,30 8,32 4,30 8,32 4,30 4,30 4,223 0,210 8,209 0,210 8,223 4,30 4,30 9,32 4,30 4,30 0,224 8,45 0,71 4,40
0,79 8,45 4,224 8,224 1,25 8,9 8,9 8,9 8,9 8,9 1,33 2,13 8,9 8,9 3,17 4,17 6,17 4,17 5,17 1,35 6,13 0,225 6,13 4,17 6,17 2,35 2,34 8,9 7,34 3,35 4,35 5,35 8,9 4,33 4,225 0,216 8,45 0,71 8,44 0,45 8,44 0,45 0,41 4,45 8,45 0,47 0,124 4,124 8,123 4,51 8,45 0,46 4,42 0,45 8,44 0,45 8,44 0,79 8,45 0,159 8,225 8,9 8,9 8,9 0,226 4,226 8,45 0,71 8,44 4,44 8,44 0,45 0,44 0,45 8,44 0,45 8,44 8,46 4,95 8,45 4,216 8,226 4,30 4,30 1,32 2,32 1,32 6,32 1,32 2,32 1,32 4,30 4,30 4,30 4,30 4,30 1,32 4,30 0,227 4,227 8,227 0,228 8,217 4,30 1,32 4,30 4,30 4,228 4,218 8,45 0,132 0,45
8,91 0,92 4,92 4,179 1,25 8,9 8,9 2,15 8,9 9,26 0,25 2,15 8,9 6,35 7,19 4,15 6,13 4,15 6,13 7,35 6,13 8,228 6,13 4,15 1,34 4,15 2,34 8,9 8,35 9,35 10,35 11,35 8,9 0,229 4,229 0,84 4,84 8,84 0,40 4,43 0,40 0,41 4,45 0,47 4,222 8,229 0,230 8,9 0,127 4,230 4,131 4,51 0,46 8,41 4,41 4,41 0,42 8,230 8,45 0,231 8,9 8,9 8,9 8,9 8,9 4,231 8,45 0,71 0,40 4,40 0,40 4,40 0,40 4,40 0,40 8,43 0,40 4,40 8,91 0,92 4,92 8,231 0,232 4,30 4,30 8,31 4,30 8,31 11,32 8,31 4,30 4,30 4,232 8,232 4,198 4,30 4,30 4,30 4,30 4,30 4,30 4,30 4,30 4,30 4,30 4,30 0,233 4,233 0,84 4,84 8,84 4,40
8,44 0,79 8,45 8,233 1,25 8,9 8,9 2,13 1,13 2,13 1,33 7,21 8,9 8,9 3,17 4,17 5,17 4,17 6,17 6,13 6,13 0,234 6,13 6,13 6,13 6,13 0,36 1,36 1,36 2,36 2,36 4,234 8,234 0,235 0,84 4,84 8,84 4,44 8,44 0,45 0,44 0,79 8,45 8,142 4,235 8,9 8,9 0,15 8,9 8,9 0,226 4,150 4,51 8,45 8,45 8,45 8,45 8,45 8,45 4,173 8,235 8,9 8,9 8,9 0,236 4,165 8,45 0,71 8,44 0,45 8,44 0,45 8,44 0,45 8,44 0,45 8,44 0,45 4,46 8,91 0,92 4,92 4,236 8,236 4,30 4,30 1,32 2,32 1,32 6,32 3,32 4,30 0,237 4,203 4,237 4,30 1,32 2,32 1,32 2,32 1,32 2,32 1,32 4,30 4,30 8,237 0,238 0,84 4,84 8,84 8,44 0,45
0,40 4,162 8,45 4,224 4,238 0,28 8,9 8,9 8,9 9,26 1,15 2,15 8,9 8,9 6,19 7,12 7,19 4,15 6,13 6,13 8,238 0,239 4,239 8,239 0,240 4,240 5,33 8,240 0,241 4,241 8,241 0,242 0,84 8,45 4,84 8,84 0,40 4,40 8,40 4,40 0,40 4,162 8,45 4,242 8,9 8,9 6,35 3,36 3,19 8,9 8,9 8,242 0,243 4,243 0,142 8,243 4,141 8,133 0,244 4,92 0,187 4,244 8,244 0,245 0,208 0,84 4,84 8,84 0,40 4,40 8,40 4,40 0,40 4,40 0,40 4,40 0,40 4,40 0,40 4,40 8,91 0,92 4,92 8,231 4,245 4,30 4,30 4,30 4,30 8,31 4,30 4,30 8,245 0,246 4,246 4,30 4,30 8,31 4,30 8,31 11,32 4,30 4,30 4,30 8,237 0,238 0,84 4,84 8,84 4,40 0,40 4,40
0,44 8,91 0,92 4,92 8,246 0,247 1,36 0,28 8,9 8,9 8,9 8,9 8,9 8,9 8,9 8,9 4,36 3,34 6,13 4,247 8,247 0,84 8,45 8,45 4,92 0,248 4,248 8,248 0,84 8,45 8,45 8,45 4,84 0,122 8,84 0,45 8,44 0,45 8,44 0,45 8,44 0,79 8,45 4,173 0,249 8,9 8,9 5,36 8,9 8,9 4,249 8,249 0,250 8,9 8,9 8,9 8,9 8,9 4,250 4,51 8,45 8,45 8,45 8,45 8,45 4,84 8,84 0,45 8,44 0,45 0,44 4,44 8,44 0,45 0,44 0,45 8,44 0,45 4,46 0,45 8,44 8,91 0,92 4,92 8,250 0,251 4,251 4,30 4,30 4,30 4,30 4,30 4,30 4,30 4,30 4,30 1,32 6,32 4,30 4,30 4,30 4,30 8,251 0,252 4,252 0,84 4,84 0,112 8,44 0,45 4,46 0,45
0,40 4,40 8,91 0,92 4,92 8,252 0,253 4,253 1,36 1,36 1,36 0,28 8,9 4,33 1,36 1,36 5,11 8,253 0,254 4,254 0,84 4,84 8,100 8,100 0,92 8,45 8,45 8,45 4,84 8,100 8,100 8,100 8,84 4,40 0,40 4,40 0,40 4,40 0,40 4,40 0,40 8,91 0,92 4,92 4,190 8,254 0,184 8,9 0,255 4,255 8,255 0,256 0,157 8,9 8,9 9,26 8,9 8,9 4,256 8,256 8,130 8,125 0,257 4,257 8,45 0,71 0,40 4,40 0,40 8,43 0,40 4,40 8,40 4,40 0,40 4,40 0,40 4,40 0,40 4,40 0,43 4,40 4,116 0,92 8,45 4,92 8,257 0,258 4,258 8,258 4,30 4,30 4,30 4,30 4,30 4,30 4,30 4,30 4,30 0,259 4,259 8,259 4,252 0,84 8,45 4,84 8,84 4,40 0,40 4,40 0,40 8,43
8,44 0,45 4,46 8,91 0,92 8,45 4,92 0,260 4,260 4,241 8,260 0,261 1,36 4,261 8,261 4,241 8,241 0,242 0,84 8,45 4,84 8,84 8,44 0,45 8,91 8,100 8,100 8,100 8,84 0,45 8,44 0,45 8,44 0,45 8,44 0,45 8,44 0,45 8,44 0,45 8,44 0,45 8,91 0,92 8,45 4,92 0,187 0,262 0,202 4,262 8,262 0,263 4,263 8,9 8,9 8,9 8,9 8,9 8,9 8,9 8,9 8,9 8,9 8,263 8,45 0,71 8,44 0,45 8,44 0,45 8,44 0,45 8,44 0,45 8,44 0,45 8,44 0,45 8,44 0,45 8,44 0,45 8,44 8,91 8,100 0,92 8,45 8,45 4,92 8,257 0,264 4,264 4,264 8,264 0,265 4,265 4,264 4,264 8,265 0,266 0,84 8,45 8,45 4,84 8,100 8,84 4,46 0,45 8,44 0,45 8,44 0,45
0,40 4,43 0,40 4,40 8,91 8,100 0,92 8,45 8,45 8,45 4,92 4,266 8,266 0,242 0,84 8,45 8,45 8,45 4,84 8,100 8,84 4,40 0,40 4,40 0,43 4,40 8,40 8,43 0,40 4,40 0,40 4,40 8,40 4,40 0,40 4,40 0,40 4,40 0,40 4,40 0,40 4,40 0,40 8,186 8,100 0,92 8,45 8,45 8,45 0,267 4,267 8,9 8,267 0,268 4,268 8,195 8,268 0,269 8,9 6,35 6,35 3,19 8,9 4,269 8,45 0,132 0,40 4,40 0,43 4,40 0,40 4,40 0,40 4,40 0,40 4,40 0,40 4,40 0,40 4,40 8,40 4,40 0,40 4,40 0,43 8,91 8,100 8,100 0,92 8,45 8,45 8,45 8,45 8,45 8,45 8,45 8,45 8,45 8,45 8,45 4,84 8,100 8,100 8,84 0,40 4,40 0,40 8,43 0,40 4,40 0,40 4,40
8,44 0,45 8,44 0,45 8,44 8,46 8,91 8,100 8,100 8,100 0,92 8,45 8,45 8,45 4,84 4,119 8,100 8,100 8,84 0,45 8,44 0,45 8,44 0,45 8,44 0,45 8,44 0,45 8,44 0,45 8,44 0,45 8,44 0,45 8,44 0,45 8,44 0,45 8,44 0,45 8,44 0,45 8,44 0,45 8,44 8,91 8,100 0,92 8,45 8,269 8,9 8,9 8,9 0,270 0,84 8,45 4,92 4,270 8,9 8,9 8,9 8,9 8,9 8,270 8,45 0,71 8,44 0,45 8,44 0,45 0,44 0,45 8,44 0,45 8,44 0,45 8,44 0,45 0,44 8,46 8,44 0,45 8,44 0,45 8,44 0,45 8,44 0,45 8,91 8,100 4,119 8,100 8,100 8,100 8,100 8,100 8,100 8,100 8,100 8,100 8,84 0,45 8,44 0,45 4,46 0,45 8,44 0,45 8,44 0,45 8,44 0,45
0,40 4,43 0,40 4,40 0,40 4,40 8,40 4,43 0,40 4,40 8,91 8,100 8,100 8,100 0,112 8,43 0,43 4,40 0,40 4,40 0,40 4,40 0,40 4,40 0,40 4,40 0,40 4,40 0,40 4,40 0,40 4,40 0,40 4,40 0,40 4,40 0,40 4,40 8,40 4,40 0,43 4,40 0,40 4,40 0,40 4,40 0,40 0,79 8,45 0,271 4,271 8,9 8,271 4,165 8,45 8,45 8,45 0,272 4,272 4,206 4,206 8,195 8,272 0,273 8,45 0,71 0,40 4,40 0,40 4,43 0,40 8,43 0,40 4,40 0,40 4,40 0,40 4,40 0,40 4,40 0,40 4,40 0,40 4,40 0,40 4,40 0,40 4,40 0,40 4,43 0,40 4,40 8,40 4,40 0,40 4,40 0,40 4,40 0,40 4,40 0,40 4,40 0,40 4,40 0,40 4,40 8,40 4,40 0,40 4,40 0,40 4,43
8,44 4,44 8,44 4,44 8,44 0,45 8,44 8,46 8,44 0,45 8,44 0,45 8,44 0,45 8,44 0,45 8,44 0,45 4,46 0,45 4,46 0,45 8,44 0,45 8,44 0,45 8,44 0,45 8,44 0,45 8,44 8,46 8,44 8,46 8,44 0,45 8,44 0,45 8,44 0,45 4,46 0,45 8,44 0,45 8,44 0,45 8,44 8,91 0,92 4,92 0,187 4,273 0,235 0,84 4,84 4,119 0,92 8,45 8,45 8,45 8,45 8,45 8,45 8,45 4,84 8,84 8,44 0,45 8,44 4,44 8,44 0,45 8,44 0,45 8,44 0,45 8,44 0,45 4,46 0,45 4,46 0,45 8,44 4,44 8,44 0,45 8,44 8,46 8,44 0,45 8,44 0,45 8,44 0,45 8,44 0,45 4,46 0,45 8,44 4,44 8,44 0,45 8,44 0,45 8,44 0,45 8,44 0,45 8,44 0,45 8,44 0,45
0,40 4,40 0,40 4,40 0,40 4,40 0,40 4,43 0,40 4,40 0,40 4,40 0,40 4,40 0,40 8,43 0,43 4,40 0,43 4,40 0,40 4,40 0,40 4,40 0,40 4,40 8,40 4,40 0,43 4,40 0,40 4,40 0,40 4,40 0,40 4,40 0,40 4,40 0,40 4,40 0,40 4,40 0,40 4,40 0,40 4,40 0,40 4,40 0,79 8,45 8,45 8,45 8,45 8,45 0,71 4,40 8,91 8,100 8,100 4,119 0,122 8,100 0,122 4,119 8,84 4,40 0,40 4,40 0,40 8,43 0,40 4,40 0,40 4,40 0,40 4,40 0,40 4,40 0,40 4,40 0,40 4,40 0,40 4,40 0,40 4,40 8,40 8,43 8,40 8,43 0,40 8,43 0,40 4,40 0,40 4,40 0,40 4,40 0,40 4,40 0,40 4,40 0,40 4,40 0,40 4,40 0,40 4,40 0,40 4,40 8,40 8,43
layer upper
- - - - - - - - - - - - - - - - - - - - - - - - - - - - - - - - - - - - - - - - - - - - - - - - - - - - - - - - - - - - - - - - - - - - - - - - - - - - - - - - - - - - - - - - - - - - - - - - - - - - - - - - - - - - - - - -
- - - - - - - - - - - - - - - - - - - - - - - - - - - - - - - - - - - - - - - - - - - - - - - - - - - - - - - - - - - - - - - - - - - - - - - - - - - - - - - - - - - - - - - - - - - - - - - - - - - - - - - - - - - - - - - -
- - - - - - - - - - - - - - - - - - - - - - - - - - - - - - - - - - - - - - - - - - - - - - - - - - - - - - - - - - - - - - - - - - - - - - - - - - - - - - - - - - - - - - - - - - - - - - - - - - - - - - - - - - - - - - - -
- - - - - - - - - - - - - - - - - - - - - - - - - - - - - - - - - - - - - - - - - - - - - - - - - - - - - - - - - - - - - - - - - - - - - - - - - - - - - - - - - - - - - - - - - - - - - - - - - - - - - - - - - - - - - - - -
- - - - - - - - - - - - - - - - - - - - - - - - - - - - - - - - - - - - - - - - - - - - - - - - - - - - - - - - - - - - - - - - - - - - - - - - - - - - - - - - - - - - - - - - - - - - - - - - - - - - - - - - - - - - - - - -
- - - - - - - - - - - - - - - - - - - - - - - - - - - - - - - - - - - - - - - - - - - - - - - - - - - - - - - - - - - - - - - - - - - - - - - - - - - - - - - - - - - - - - - - - - - - - - - - - - - - - - - - - - - - - - - -
- - - - - - - - - - - - - - - - - - - - - - - - - - - - - - - - - - - - - - - - - - - - - - - - - - - - - - - - - - - - - - - - - - - - - - - - - - - - - - - - - - - - - - - - - - - - - - - - - - - - - - - - - - - - - - - -
- - - - - - - - - - - - - - - - - - - - - - - - - - - - - - - - - - - - - - - - - - - - - - - - - - - - - - - - - - - - - - - - - - - - - - - - - - - - - - - - - - - - - - - - - - - - - - - - - - - - - - - - - - - - - - - -
- - - - - - - - - - - - - - - - - - - - - - - - - - - - - - - - - - - - - - - - - - - - - - - - - - - - - - - - - - - - - - - - - - - - - - - - - - - - - - - - - - - - - - - - - - - - - - - - - - - - - - - - - - - - - - - -
- - - - - - - - - - - - - - - - - - - - - - - - - - - - - - - - - - - - - - - - - - - - - - - - - - - - - - - - - - - - - - - - - - - - - - - - - - - - - - - - - - - - - - - - - - - - - - - - - - - - - - - - - - - - - - - -
- - - - - - - - - - - - - - - - - - - - - - - - - - - - - - - - - - - - - - - - - - - - - - - - - - - - - - - - - - - - - - - - - - - - - - - - - - - - - - - - - - - - - - - - - - - - - - - - - - - - - - - - - - - - - - - -
- - - - - - - - - - - - - - - - - - - - - - - - - - - - - - - - - - - - - - - - - - - - - - - - - - - - - - - - - - - - - - - - - - - - - - - - - - - - - - - - - - - - - - - - - - - - - - - - - - - - - - - - - - - - - - - -
- - - - - - - - - - - - - - - - - - - - - - - - - - - - - - - - - - - - - - - - - - - - - - - - - - - - - - - - - - - - - - - - - - - - - - - - - - - - - - - - - - - - - - - - - - - - - - - - - - - - - - - - - - - - - - - -
- - - - - - - - - - - - - - - - - - - - - - - - - - - - - - - - - - - - - - - - - - - - - - - - - - - - - - - - - - - - - - - - - - - - - - - - - - - - - - - - - - - - - - - - - - - - - - - - - - - - - - - - - - - - - - - -
- - - - - - - - - - - - - - - - - - - - - - - - - - - - - - - - - - - - - - - - - - - - - - - - - - - - - - - - - - - - - - - - - - - - - - - - - - - - - - - - - - - - - - - - - - - - - - - - - - - - - - - - - - - - - - - -
- - - - - - - - - - - - - - - - - - - - - - - - - - - - - - - - - - - - - - - - - - - - - - - - - - - - - - - - - - - - - - - - - - - - - - - - - - - - - - - - - - - - - - - - - - - - - - - - - - - - - - - - - - - - - - - -
- - - - - - - - - - - - - - - - - - - - - - - - - - - - - - - - - - - - - - - - - - - - - - - - - - - - - - - - - - - - - - - - - - - - - - - - - - - - - - - - - - - - - - - - - - - - - - - - - - - - - - - - - - - - - - - -
- - - - - - - - - - - - - - - - - - - - - - - - - - - - - - - - - - - - - - - - - - - - - - - - - - - - - - - - - - - - - - - - - - - - - - - - - - - - - - - - - - - - - - - - - - - - - - - - - - - - - - - - - - - - - - - -
- - - - - - - - - - - - - - - - - - - - - - - - - - - - - - - - - - - - - - - - - - - - - - - - - - - - - - - - - - - - - - - - - - - - - - - - - - - - - - - - - - - - - - - - - - - - - - - - - - - - - - - - - - - - - - - -
- - - - - - - - - - - - - - - - - - - - - - - - - - - - - - - - - - - - - - - - - - - - - - - - - - - - - - - - - - - - - - - - - - - - - - - - - - - - - - - - - - - - - - - - - - - - - - - - - - - - - - - - - - - - - - - -
- - - - - - - - - - - - - - - - - - - - - - - - - - - - - - - - - - - - - - - - - - - - - - - - - - - - - - - - - - - - - - - - - - - - - - - - - - - - - - - - - - - - - - - - - - - - - - - - - - - - - - - - - - - - - - - -
- - - - - - - - - - - - - - - - - - - - - - - - - - - - - - - - - - - - - - - - - - - - - - - - - - - - - - - - - - - - - - - - - - - - - - - - - - - - - - - - - - - - - - - - - - - - - - - - - - - - - - - - - - - - - - - -
- - - - - - - - - - - - - - - - - - - - - - - - - - - - - - - - - - - - - - - - - - - - - - - - - - - - - - - - - - - - - - - - - - - - - - - - - - - - - - - - - - - - - - - - - - - - - - - - - - - - - - - - - - - - - - - -
- - - - - - - - - - - - - - - - - - - - - - - - - - - - - - - - - - - - - - - - - - - - - - - - - - - - - - - - - - - - - - - - - - - - - - - - - - - - - - - - - - - - - - - - - - - - - - - - - - - - - - - - - - - - - - - -
- - - - - - - - - - - - - - - - - - - - - - - - - - - - - - - - - - - - - - - - - - - - - - - - - - - - - - - - - - - - - - - - - - - - - - - - - - - - - - - - - - - - - - - - - - - - - - - - - - - - - - - - - - - - - - - -
- - - - - - - - - - - - - - - - - - - - - - - - - - - - - - - - - - - - - - - - - - - - - - - - - - - - - - - - - - - - - - - - - - - - - - - - - - - - - - - - - - - - - - - - - - - - - - - - - - - - - - - - - - - - - - - -
- - - - - - - - - - - - - - - - - - - - - - - - - - - - - - - - - - - - - - - - - - - - - - - - - - - - - - - - - - - - - - - - - - - - - - - - - - - - - - - - - - - - - - - - - - - - - - - - - - - - - - - - - - - - - - - -
- - - - - - - - - - - - - - - - - - - - - - - - - - - - - - - - - - - - - - - - - - - - - - - - - - - - - - - - - - - - - - - - - - - - - - - - - - - - - - - - - - - - - - - - - - - - - - - - - - - - - - - - - - - - - - - -
- - - - - - - - - - - - - - - - - - - - - - - - - - - - - - - - - - - - - - - - - - - - - - - - - - - - - - - - - - - - - - - - - - - - - - - - - - - - - - - - - - - - - - - - - - - - - - - - - - - - - - - - - - - - - - - -
- - - - - - - - - - - - - - - - - - - - - - - - - - - - - - - - - - - - - - - - - - - - - - - - - - - - - - - - - - - - - - - - - - - - - - - - - - - - - - - - - - - - - - - - - - - - - - - - - - - - - - - - - - - - - - - -
- - - - - - - - - - - - - - - - - - - - - - - - - - - - - - - - - - - - - - - - - - - - - - - - - - - - - - - - - - - - - - - - - - - - - - - - - - - - - - - - - - - - - - - - - - - - - - - - - - - - - - - - - - - - - - - -
- - - - - - - - - - - - - - - - - - - - - - - - - - - - - - - - - - - - - - - - - - - - - - - - - - - - - - - - - - - - - - - - - - - - - - - - - - - - - - - - - - - - - - - - - - - - - - - - - - - - - - - - - - - - - - - -
- - - - - - - - - - - - - - - - - - - - - - - - - - - - - - - - - - - - - - - - - - - - - - - - - - - - - - - - - - - - - - - - - - - - - - - - - - - - - - - - - - - - - - - - - - - - - - - - - - - - - - - - - - - - - - - -
- - - - - - - - - - - - - - - - - - - - - - - - - - - - - - - - - - - - - - - - - - - - - - - - - - - - - - - - - - - - - - - - - - - - - - - - - - - - - - - - - - - - - - - - - - - - - - - - - - - - - - - - - - - - - - - -
- - - - - - - - - - - - - - - - - - - - - - - - - - - - - - - - - - - - - - - - - - - - - - - - - - - - - - - - - - - - - - - - - - - - - - - - - - - - - - - - - - - - - - - - - - - - - - - - - - - - - - - - - - - - - - - -
- - - - - - - - - - - - - - - - - - - - - - - - - - - - - - - - - - - - - - - - - - - - - - - - - - - - - - - - - - - - - - - - - - - - - - - - - - - - - - - - - - - - - - - - - - - - - - - - - - - - - - - - - - - - - - - -
- - - - - - - - - - - - - - - - - - - - - - - - - - - - - - - - - - - - - - - - - - - - - - - - - - - - - - - - - - - - - - - - - - - - - - - - - - - - - - - - - - - - - - - - - - - - - - - - - - - - - - - - - - - - - - - -
- - - - - - - - - - - - - - - - - - - - - - - - - - - - - - - - - - - - - - - - - - - - - - - - - - - - - - - - - - - - - - - - - - - - - - - - - - - - - - - - - - - - - - - - - - - - - - - - - - - - - - - - - - - - - - - -
- - - - - - - - - - - - - - - - - - - - - - - - - - - - - - - - - - - - - - - - - - - - - - - - - - - - - - - - - - - - - - - - - - - - - - - - - - - - - - - - - - - - - - - - - - - - - - - - - - - - - - - - - - - - - - - -
- - - - - - - - - - - - - - - - - - - - - - - - - - - - - - - - - - - - - - - - - - - - - - - - - - - - - - - - - - - - - - - - - - - - - - - - - - - - - - - - - - - - - - - - - - - - - - - - - - - - - - - - - - - - - - - -
- - - - - - - - - - - - - - - - - - - - - - - - - - - - - - - - - - - - - - - - - - - - - - - - - - - - - - - - - - - - - - - - - - - - - - - - - - - - - - - - - - - - - - - - - - - - - - - - - - - - - - - - - - - - - - - -
- - - - - - - - - - - - - - - - - - - - - - - - - - - - - - - - - - - - - - - - - - - - - - - - - - - - - - - - - - - - - - - - - - - - - - - - - - - - - - - - - - - - - - - - - - - - - - - - - - - - - - - - - - - - - - - -
- - - - - - - - - - - - - - - - - - - - - - - - - - - - - - - - - - - - - - - - - - - - - - - - - - - - - - - - - - - - - - - - - - - - - - - - - - - - - - - - - - - - - - - - - - - - - - - - - - - - - - - - - - - - - - - -
- - - - - - - - - - - - - - - - - - - - - - - - - - - - - - - - - - - - - - - - - - - - - - - - - - - - - - - - - - - - - - - - - - - - - - - - - - - - - - - - - - - - - - - - - - - - - - - - - - - - - - - - - - - - - - - -
- - - - - - - - - - - - - - - - - - - - - - - - - - - - 6,36 7,36 8,36 9,36 - - - - - - - - - - - - - - - - - - - - - - - - - - - - - - - - - - - - - - - - - - - - - - - - - - - - - - - - - - - - - - - - - - - - - - - - - - - - - - - -
- - - - - - - - - - - - - - - - - - - - - - - - - - - 10,36 11,36 0,37 1,37 2,37 3,37 - - - - - - - - - - - - - - - - - - - - - - - - - - - - - - - - - - - - - - - - - - - - - - - - - - - - - - - - - - - - - - - - - - - - - - - - - - - - - - -
- - - - - - - - - - - - - - - - - - - - - - - - - - - 4,37 5,37 6,37 7,37 8,37 9,37 - - - - - - - - - - - - - - - - - - - - - - - - - - - - - - - - - - - - - - - - - - - - - - - - - - - - - - - - - - - - - - - - - - - - - - - - - - - - - - -
- - - - - - - - - - - - - - - - - - - - - - - - - - - 10,37 11,37 0,38 1,38 2,38 3,38 - - - - - - - - - - - - - - - - - - - - - - - - - - - - - - - - - - - - - - - - - - - - - - - - - - - - - - - - - - - - - - - - - - - - - - - - - - - - - - -
- - - - - - - - - - - - - - - - - - - - - - - - - - - 4,38 5,38 6,38 7,38 8,38 9,38 - - - - - - - - - - - - - - - - - - - - - - - - - - - - - - - - - - - - - - - - - - - - - - - - - - - - - - - - - - - - - - - - - - - - - - - - - - - - - - -
- - - - - - - - - - - - - - - - - - - - - - - - - - - - 10,38 11,38 0,39 - - - - - - - - - - - - - - - - - - - - - - - - - - - - - - - - - - - - - - - - - - - - - - - - - - - - - - - - - - - - - - - - - - - - - - - - - - - - - - - - -
- - - - - - - - - - - - - - - - - - - - - - - - - - - - 1,39 2,39 3,39 - - - - - - - - - - - - - - - - - - - - - - - - - - - - - - - - - - - - - - - - - - - - - - - - - - - - - - - - - - - - - - - - - - - - - - - - - - - - - - - - -
- - - - - - - - - - - - - - - - - - - - - - - - - - - - - - - - - - - - - - - - - - - - - - - - - - - - - - - - - - - - - - - - - - - - - - - - - - - - - - - - - - - - - - - - - - - - - - - - - - - - - - - - - - - - - - - -
- - - - - - - - - - - - - - - - - - - - - - - - - - - - - - - - - - - - - - - - - - - - - - - - - - - - - - - - - - - - - - - - - - - - - - - - - - - - - - - - - - - - - - - - - - - - - - - - - - - - - - - - - - - - - - - -
- - - - - - - - - - - - - - - - - - - - - - - - - - - - - - - - - - - - - - - - - - - - - - - - - - - - - - - - - - - - - - - - - - - - - - - - - - - - - - - - - - - - - - - - - - - - - - - - - - - - - - - - - - - - - - - -
- - - - - - - - - - - - - - - - - - - - - - - - - - - - - - - - - - - - - - - - - - - - - - - - - - - - - - - - - - - - - - - - - - - - - - - - - - - - - - - - - - - - - - - - - - - - - - - - - - - - - - - - - - - - - - - -
- - - - - - - - - - - - - - - - - - - - - - - - - - - - - - - - - - - - - - - - - - - - - - - - - - - - - - - - - - - - - - - - - - - - - - - - - - - - - - - - - - - - - - - - - - - - - - - - - - - - - - - - - - - - - - - -
- - - - - - - - - - - - - - - - - - - - - - - - - - - - - - - - - - - - - - - - - - - - - - - - - - - - - - - - - - - - - - - - - - - - - - - - - - - - - - - - - - - - - - - - - - - - - - - - - - - - - - - - - - - - - - - -
- - - - - - - - - - - - - - - - - - - - - - - - - - - - - - - - - - - - - - - - - - - - - - - - - - - - - - - - - - - - - - - - - - - - - - - - - - - - - - - - - - - - - - - - - - - - - - - - - - - - - - - - - - - - - - - -
- - - - - - - - - - - - - - - - - - - - - - - - - - - - - - - - - - - - - - - - - - - - - - - - - - - - - - - - - - - - - - - - - - - - - - - - - - - - - - - - - - - - - - - - - - - - - - - - - - - - - - - - - - - - - - - -
- - - - - - - - - - - - - - - - - - - - - - - - - - - - - - - - - - - - - - - - - - - - - - - - - - - - - - - - - - - - - - - - - - - - - - - - - - - - - - - - - - - - - - - - - - - - - - - - - - - - - - - - - - - - - - - -
- - - - - - - - - - - - - - - - - - - - - - - - - - - - - - - - - - - - - - - - - - - - - - - - - - - - - - - - - - - - - - - - - - - - - - - - - - - - - - - - - - - - - - - - - - - - - - - - - - - - - - - - - - - - - - - -
- - - - - - - - - - - - - - - - - - - - - - - - - - - - - - - - - - - - - - - - - - - - - - - - - - - - - - - - - - - - - - - - - - - - - - - - - - - - - - - - - - - - - - - - - - - - - - - - - - - - - - - - - - - - - - - -
- - - - - - - - - - - - - - - - - - - - - - - - - - - - - - - - - - - - - - - - - - - - - - - - - - - - - - - - - - - - - - - - - - - - - - - - - - - - - - - - - - - - - - - - - - - - - - - - - - - - - - - - - - - - - - - -
