; generated — from assets/maps/town.txt; do not hand-edit
layer lower
0,0 1,0 2,0 3,0 2,0 3,0 0,0 3,0 2,0 3,0 2,0 3,0 2,0 3,0 2,0 3,0 2,0 3,0 2,0 3,0 2,0 3,0 2,0 3,0 2,0 3,0 2,0 1,0 2,0 1,0 2,0 3,0 2,0 3,0 2,0 3,0 2,0 3,0 2,0 3,0
4,0 5,0 6,0 7,0 7,0 7,0 7,0 7,0 7,0 7,0 7,0 7,0 7,0 7,0 7,0 7,0 7,0 7,0 7,0 7,0 7,0 7,0 7,0 7,0 7,0 7,0 7,0 7,0 7,0 7,0 7,0 7,0 7,0 7,0 7,0 7,0 7,0 8,0 9,0 5,0
2,0 6,0 10,0 11,0 11,0 11,0 11,0 11,0 11,0 11,0 11,0 11,0 11,0 11,0 11,0 11,0 11,0 11,0 11,0 11,0 11,0 11,0 11,0 11,0 11,0 11,0 11,0 11,0 11,0 11,0 11,0 11,0 11,0 11,0 11,0 11,0 11,0 0,1 8,0 1,0
4,0 1,1 11,0 11,0 2,1 3,1 4,1 5,1 2,1 6,1 2,1 5,1 2,1 7,1 2,1 3,1 2,1 6,1 2,1 6,1 2,1 8,1 9,1 6,1 10,1 3,1 10,1 5,1 2,1 6,1 10,1 5,1 2,1 8,1 9,1 6,1 11,0 11,0 11,1 5,0
0,2 1,1 11,0 1,2 11,0 1,2 11,0 1,2 2,2 1,2 11,0 3,2 11,0 1,2 4,2 1,2 5,2 1,2 6,2 7,2 11,0 8,2 5,2 9,2 11,0 1,2 11,0 3,2 5,2 9,2 11,0 1,2 11,0 11,0 11,0 1,2 10,2 11,0 11,1 3,0
4,0 1,1 11,0 5,1 11,2 0,3 1,3 0,3 1,3 0,3 2,1 2,3 1,3 3,3 1,3 4,3 1,3 5,3 10,1 6,1 11,2 0,3 6,3 7,3 8,3 6,1 10,1 5,1 2,1 6,1 2,1 6,1 11,0 9,3 11,0 6,1 10,3 11,0 11,1 5,0
2,0 1,1 11,0 9,2 11,3 0,4 1,4 2,4 3,4 4,4 5,2 1,2 5,4 6,4 7,4 8,4 9,4 1,2 11,0 10,4 5,4 6,4 7,4 8,4 9,4 7,2 11,0 10,4 11,0 1,2 11,0 1,2 11,0 11,0 11,0 9,2 11,0 11,0 11,1 3,0
4,0 1,1 11,0 8,1 11,4 0,5 1,5 2,5 3,5 4,5 10,1 6,1 5,5 6,5 7,5 8,5 9,5 6,1 2,1 7,1 5,5 6,5 7,5 8,5 9,5 6,1 2,1 6,1 2,1 3,1 2,1 5,1 10,1 6,1 10,1 5,1 10,1 11,0 11,1 5,0
2,0 1,1 11,0 9,2 10,5 10,5 10,5 11,5 10,5 10,5 0,6 0,6 10,5 10,5 1,6 10,5 10,5 11,0 11,0 11,0 10,5 10,5 11,5 10,5 10,5 11,0 11,0 11,0 11,0 11,0 11,0 11,0 11,0 11,0 6,2 9,2 6,2 11,0 11,1 3,0
4,0 1,1 11,0 6,1 11,0 2,6 3,6 4,6 5,6 3,6 6,6 5,6 3,6 6,6 7,6 3,6 6,6 5,6 3,6 8,6 5,6 3,6 4,6 5,6 3,6 6,6 5,6 3,6 6,6 5,6 3,6 6,6 9,6 11,0 2,1 6,1 2,1 11,0 11,1 5,0
2,0 1,1 11,0 1,2 11,0 11,0 11,0 11,0 11,0 11,0 11,0 11,0 11,0 11,0 11,0 11,0 11,0 10,6 11,0 11,6 11,0 11,0 11,0 11,0 11,0 11,0 11,0 11,0 11,0 11,0 11,0 11,0 11,0 11,0 11,0 11,0 11,0 11,0 11,1 3,0
4,0 1,1 11,0 6,1 10,1 8,1 10,1 5,1 10,1 6,1 0,7 1,7 2,1 6,1 2,1 6,1 10,3 2,7 11,0 11,5 11,0 5,1 3,7 4,7 5,7 11,0 6,7 7,7 7,7 7,7 7,7 7,7 7,7 7,7 7,7 7,7 7,7 8,7 11,1 5,0
2,0 1,1 11,0 8,2 11,0 1,2 11,0 1,2 5,2 8,2 9,7 10,7 11,0 1,2 11,0 1,2 11,0 11,7 11,0 0,8 11,0 1,2 1,8 2,8 3,8 11,0 4,8 10,5 10,5 10,5 10,5 10,5 10,5 10,5 10,5 10,5 10,5 10,5 11,1 3,0
5,8 1,1 11,0 11,0 11,0 5,1 2,1 6,1 6,8 7,8 8,8 9,8 10,8 8,1 9,1 5,1 2,1 5,1 11,0 11,6 11,0 6,1 11,8 0,9 11,8 11,0 4,8 11,0 10,1 3,1 10,8 5,1 10,3 6,1 4,1 5,1 2,1 11,0 11,1 5,0
2,0 1,1 11,0 9,3 11,0 9,2 11,0 1,2 11,0 3,2 5,2 3,2 11,0 1,2 11,0 1,2 10,2 1,2 11,0 11,5 11,0 1,2 5,2 3,2 5,2 11,0 4,8 11,0 6,2 1,2 5,2 1,2 11,0 9,2 5,2 10,4 5,2 11,0 11,1 3,0
4,0 1,1 11,0 11,0 11,0 6,1 11,0 11,0 11,0 6,1 9,1 5,1 2,1 7,1 2,1 5,1 1,9 6,1 11,0 0,8 11,0 6,1 2,1 6,1 2,1 11,0 4,8 11,0 2,1 2,3 2,1 6,1 10,1 7,1 2,1 6,1 9,1 11,0 11,1 2,9
2,0 1,1 11,0 1,2 2,2 7,2 11,0 9,3 11,0 9,2 11,0 1,2 2,2 8,2 11,0 1,2 4,2 1,2 11,0 11,6 11,0 3,2 4,2 3,9 5,2 11,0 4,8 11,0 4,9 5,9 4,9 6,9 4,9 7,9 8,9 9,9 8,9 8,9 11,1 3,0
4,0 1,1 11,0 6,1 2,1 2,3 11,0 11,0 11,0 6,1 2,1 5,1 10,1 6,1 10,1 5,1 2,1 6,1 11,0 11,5 11,0 6,1 2,1 6,1 2,1 11,0 4,8 11,0 10,9 11,9 0,10 1,10 2,10 3,10 4,10 5,10 6,10 7,10 11,1 5,0
2,0 1,1 11,0 1,2 8,10 1,2 11,0 1,2 5,2 1,2 5,2 1,2 5,2 9,2 5,2 3,2 11,0 1,2 11,0 0,8 11,0 1,2 11,0 9,2 5,2 11,0 4,8 11,0 9,10 10,10 11,10 0,11 1,11 2,11 3,11 4,11 5,11 6,11 11,1 3,0
4,0 1,1 11,0 6,1 2,1 2,3 10,1 3,1 10,1 5,1 2,1 6,1 10,1 2,3 2,1 5,1 2,1 3,1 11,0 11,6 11,0 6,1 10,1 6,1 2,1 11,0 4,8 11,0 7,11 8,11 9,11 10,11 11,11 0,12 1,12 2,12 3,12 4,12 11,1 5,0
2,0 1,1 11,0 9,2 11,0 1,2 11,0 3,9 5,2 9,2 10,2 9,2 4,2 3,2 11,0 9,2 11,0 1,2 11,0 11,5 11,0 3,9 11,0 1,2 11,0 11,0 4,8 11,0 10,5 10,5 10,5 10,5 10,5 10,5 10,5 10,5 10,5 10,5 11,1 3,0
4,0 1,1 11,0 6,1 9,1 3,1 2,1 6,1 10,8 6,1 2,1 5,1 2,1 6,1 2,1 6,1 2,1 5,1 11,0 0,8 11,0 11,0 11,0 11,0 11,0 11,0 5,12 7,7 7,7 7,7 7,7 8,7 6,12 7,12 7,7 7,7 7,7 8,7 11,1 5,0
2,0 1,1 11,0 1,2 11,0 9,2 2,2 11,0 11,0 11,0 11,0 1,2 2,2 9,2 11,0 3,2 5,2 9,2 11,0 8,12 9,12 10,12 11,12 9,12 10,12 11,12 0,13 1,13 2,13 0,13 1,13 2,13 3,13 10,5 10,5 10,5 10,5 10,5 11,1 4,13
5,8 1,1 11,0 6,1 9,1 5,1 2,1 11,0 9,3 11,0 2,1 8,1 2,1 6,1 2,1 5,1 2,1 6,1 11,0 11,5 11,0 11,0 11,0 11,0 11,0 11,0 11,0 11,0 11,0 11,0 11,0 11,0 11,0 11,0 2,1 3,1 2,1 11,0 11,1 5,0
2,0 1,1 11,0 1,2 11,0 9,2 11,0 11,0 11,0 11,0 11,0 1,2 5,2 1,2 11,0 1,2 11,0 7,2 11,0 0,8 11,0 1,2 11,0 3,9 11,0 1,2 11,0 3,9 5,2 3,9 4,2 9,2 11,0 1,2 8,10 1,2 5,2 11,0 11,1 3,0
4,0 1,1 11,0 11,0 11,0 11,0 11,0 11,0 11,0 11,0 11,0 11,0 11,0 11,0 11,0 11,0 11,0 11,0 11,0 11,6 11,0 11,0 11,0 11,0 11,0 11,0 11,0 11,0 11,0 11,0 11,0 11,0 11,0 11,0 11,0 11,0 11,0 11,0 11,1 5,13
2,0 6,13 7,13 7,13 7,13 7,13 7,13 7,13 7,13 7,13 7,13 7,13 7,13 7,13 7,13 7,13 7,13 7,13 8,13 9,13 10,13 11,13 7,13 7,13 7,13 7,13 7,13 7,13 7,13 7,13 7,13 7,13 7,13 7,13 7,13 7,13 7,13 7,13 2,0 3,0
4,0 2,9 4,0 5,0 4,0 5,0 4,0 5,0 4,0 2,9 9,0 5,0 4,0 5,0 4,0 5,0 4,0 5,0 1,1 0,14 1,14 11,1 4,0 5,0 5,8 5,0 4,0 5,0 4,0 5,0 4,0 5,0 4,0 5,0 4,0 5,0 4,0 5,0 4,0 5,0
layer upper
- - - - - - - - - - - - - - - - - - - - - - - - - - - - - - - - - - - - - - - -
- - - - - - - - - - - - - - - - - - - - - - - - - - - - - - - - - - - - - - - -
- - - - - - - - - - - - - - - - - - - - - - - - - - - - - - - - - - - - - - - -
- - - - - 2,14 3,14 4,14 5,14 - - - - - - - - - - - - - - - - - - - - - - - - - - - - - - -
- - - - 6,14 7,14 8,14 9,14 10,14 11,14 - - 0,15 1,15 2,15 3,15 4,15 - - - 5,15 6,15 7,15 8,15 9,15 - - - - - - - - - - - - - - -
- - - - 10,15 11,15 0,16 1,16 2,16 3,16 - - 4,16 5,16 6,16 7,16 8,16 - - - 9,16 10,16 11,16 0,17 1,17 - - - - - - - - - - - - - - -
- - - - 2,17 2,17 3,17 4,17 5,17 6,17 - - 2,17 7,17 8,17 9,17 6,17 - - - 2,17 7,17 8,17 9,17 6,17 - - - - - - - - - - - - - - -
- - - - - - - - - - - - - - - - - - - - - - - - - - - - - - - - - - - - - - - -
- - - - - - - - - - - - - - - - - - - - - - - - - - - - - - - - - - - - - - - -
- - - - - - - - - - - - - - - - - - - - - - - - - - - - - - - - - - - - - - - -
- - - - - - - - - - - - - - - - - - - - - - - - - - - - - - - - - - - - - - - -
- - - - - - - - - - - - - - - - - - - - - - - - - - - - - - - - - - - - - - - -
- - - - - - - - - - - - - - - - - - - - - - - - - - - - - - - - - - - - - - - -
- - - - - - - - - - - - - - - - - - - - - - - - - - - - 10,17 11,17 - 0,18 1,18 2,18 3,18 - 4,18 5,18 - -
- - - - - - - - - - - - - - - - - - - - - - - - - - - - 6,18 7,18 8,18 9,18 10,18 11,18 0,19 1,19 2,19 3,19 - -
- - - - - - - - - - - - - - - - - - - - - - - - - - - - 4,19 5,19 6,19 7,19 8,19 9,19 10,19 11,19 0,20 1,20 - -
- - - - - - - - - - - - - - - - - - - - - - - - - - - - 2,20 3,20 4,20 5,20 6,20 7,20 8,20 9,20 10,20 11,20 - -
- - - - - - - - - - - - - - - - - - - - - - - - - - - - 2,17 2,17 2,17 2,17 2,17 2,17 2,17 2,17 2,17 2,17 - -
- - - - - - - - - - - - - - - - - - - - - - - - - - - - - - - - - - - - - - - -
- - - - - - - - - - - - - - - - - - - - - - - - - - - - - - - - - - - - - - - -
- - - - - - - - - - - - - - - - - - - - - - - - - - - - - - - - - - - - - - - -
- - - - - - - - - - - - - - - - - - - - - - - - - - - - - - - - - - - - - - - -
- - - - - - - - - - - - - - - - - - - - - - - - - - - - - - - - - - - - - - - -
- - - - - - - - - - - - - - - - - - - - - - - - - - - - - - - - - - - - - - - -
- - - - - - - - - - - - - - - - - - - - - - - - - - - - - - - - - - - - - - - -
- - - - - - - - - - - - - - - - - - - - - - - - - - - - - - - - - - - - - - - -
- - - - - - - - - - - - - - - - - - - - - - - - - - - - - - - - - - - - - - - -
- - - - - - - - - - - - - - - - - - - - - - - - - - - - - - - - - - - - - - - -
